7374214520.2042 -0.029608645 0.00018437486
7374264520.2042 -0.028823037 -0.00034549367
7374314520.2042 -0.029852403 0.0011372054
7374364520.2042 -0.029658191 -0.00013106968
7374414520.2042 -0.028952073 0.00073933508
7374464520.2042 -0.028924247 0.00067220535
7374514520.2042 -0.029015742 0.0011540782
7374564520.2042 -0.029159013 -0.0010017967
7374614520.2042 -0.029064531 0.00043327361
7374664520.2042 -0.028975774 0.001570574
7374714520.2042 -0.02958918 0.0009365445
7374764520.2042 -0.030190866 0.00091047958
7374814520.2042 -0.029001046 0.00072247721
7374864520.2042 -0.029748693 0.0010223044
7374914520.2042 -0.029487781 0.00031394511
7374964520.2042 -0.030369587 0.0016528191
7375014520.2042 -0.029011199 0.0013566287
7375064520.2042 -0.029726092 7.40299e-005
7375114520.2042 -0.030256946 0.0011432422
7375164520.2042 -0.029615454 0.00097050425
7375214520.2042 -0.030033464 -0.00053654891
7375264520.2042 -0.029636152 0.00080133695
7375314520.2042 -0.028975738 0.00070490688
7375364520.2042 -0.029119318 0.0014275159
7375414520.2042 -0.029675217 0.0014645532
7375464520.2042 -0.0300905 0.0013630418
7375514520.2042 -0.02983956 0.00062410906
7375564520.2042 -0.029030841 0.00049222866
7375614520.2042 -0.029740987 0.0012064506
7375664520.2042 -0.029186293 0.0017564078
7375714520.2042 -0.030067744 0.00045395829
7375764520.2042 -0.028804945 0.0013725511
7375814520.2042 -0.029310826 0.00081230141
7375864520.2042 -0.030253474 0.0012927752
7375914520.2042 -0.029040314 0.0012795893
7375964520.2042 -0.029636107 0.00050935848
7376014520.2042 -0.029036548 0.0012637891
7376064520.2042 -0.029416336 0.00091127894
7376114520.2042 -0.028621579 0.000669236
7376164520.2042 -0.029559631 0.0017180053
7376214520.2042 -0.028688883 0.00038264523
7376264520.2042 -0.029518023 0.0011945158
7376314520.2042 -0.028797684 0.0007072679
7376364520.2042 -0.029675357 0.0010586806
7376414520.2042 -0.029948322 0.00082912459
7376464520.2042 -0.02920329 0.00063794362
7376514520.2042 -0.02965132 -0.00053230487
7376564520.2042 -0.029148262 0.0015537292
7376614520.2042 -0.028941192 0.00030429335
7376664520.2042 -0.029341437 -0.00064490968
7376714520.2042 -0.028877815 0.0010554795
7376764520.2042 -0.030755781 0.00052965432
7376814520.2042 -0.029855493 0.001064714
7376864520.2042 -0.029524958 0.0016449802
7376914520.2042 -0.028385285 0.00098515954
7376964520.2042 -0.0295022 0.0014211098
7377014520.2042 -0.029913515 0.00068873446
7377064520.2042 -0.029067133 0.00090917386
7377114520.2042 -0.029365519 0.0016265763
7377164520.2042 -0.029088814 0.0015122108
7377214520.2042 -0.029762741 0.00090036355
7377264520.2042 -0.029762156 0.0012064492
7377314520.2042 -0.02894727 0.00085218903
7377364520.2042 -0.029904235 0.00096797105
7377414520.2042 -0.029148718 0.0010650698
7377464520.2042 -0.029629637 0.001427331
7377514520.2042 -0.029710729 0.0016155187
7377564520.2042 -0.029027006 -0.0001170123
7377614520.2042 -0.02919778 0.0012664273
7377664520.2042 -0.029323794 0.00026029255
7377714520.2042 -0.029395364 0.00085383281
7377764520.2042 -0.029420838 0.0010250164
7377814520.2042 -0.030149635 0.0017544106
7377864520.2042 -0.029882628 0.00074743107
7377914520.2042 -0.030131055 0.00071932282
7377964520.2042 -0.028435953 0.001413973
7378014520.2042 -0.029435853 0.00081587303
7378064520.2042 -0.030664532 0.0017625494
7378114520.2042 -0.028778203 0.0016538985
7378164520.2042 -0.029127834 0.0010842476
7378214520.2042 -0.029383229 0.00078968424
7378264520.2042 -0.028920116 0.0012459951
7378314520.2042 -0.0299525 0.0012952676
7378364520.2042 -0.028500505 0.0011109049
7378414520.2042 -0.029772859 0.0017806068
7378464520.2042 -0.030318342 0.0013441974
7378514520.2042 -0.030253042 0.00075346045
7378564520.2042 -0.029504102 0.00067362003
7378614520.2042 -0.029572107 0.0010780627
7378664520.2042 -0.030484956 0.00104036
7378714520.2042 -0.028541066 0.00070728082
7378764520.2042 -0.029393481 0.0017950386
7378814520.2042 -0.030443644 0.0014328081
7378864520.2042 -0.031321418 0.0013783826
7378914520.2042 -0.028531097 0.0011375649
7378964520.2042 -0.028378241 0.00064975116
7379014520.2042 -0.03016353 0.0015769731
7379064520.2042 -0.029230444 0.00067130942
7379114520.2042 -0.029002143 0.0010194844
7379164520.2042 -0.029356606 0.0010744492
7379214520.2042 -0.029584281 0.001320865
7379264520.2042 -0.028731862 0.00071809627
7379314520.2042 -0.030513758 0.0019961824
7379364520.2042 -0.03077478 0.0025142059
7379414520.2042 -0.029794889 0.0010776892
7379464520.2042 -0.028622095 0.0025799372
7379514520.2042 -0.028383268 0.00094052823
7379564520.2042 -0.029024653 0.0005684644
7379614520.2042 -0.029262731 0.002177998
7379664520.2042 -0.029547585 0.0012465231
7379714520.2042 -0.028863996 0.0011806872
7379764520.2042 -0.029843073 0.0020947792
7379814520.2042 -0.029371675 0.0026044827
7379864520.2042 -0.030526955 0.0014536512
7379914520.2042 -0.029807778 0.00066364789
7379964520.2042 -0.029531177 0.00060978893
7380014520.2042 -0.029323146 0.0013647218
7380064520.2042 -0.03115882 0.0015202457
7380114520.2042 -0.028441535 0.0011776482
7380164520.2042 -0.0296255 0.0017985089
7380214520.2042 -0.02911246 0.0027351056
7380264520.2042 -0.030451048 0.0013491155
7380314520.2042 -0.029489202 0.0017061683
7380364520.2042 -0.029846521 0.0013553489
7380414520.2042 -0.029008208 0.0012637079
7380464520.2042 -0.029927567 0.0012786323
7380514520.2042 -0.028992403 0.0012278669
7380564520.2042 -0.029136717 0.0018120054
7380614520.2042 -0.030122085 0.0015798206
7380664520.2042 -0.029567754 0.0011055251
7380714520.2042 -0.029485775 0.00093624694
7380764520.2042 -0.030069133 0.0016214848
7380814520.2042 -0.029577997 0.0022780234
7380864520.2042 -0.029936615 0.0017435979
7380914520.2042 -0.029355129 0.0023378544
7380964520.2042 -0.030320063 0.0020836154
7381014520.2042 -0.029013056 0.0020290017
7381064520.2042 -0.028987935 0.0021384945
7381114520.2042 -0.029273963 0.0024426682
7381164520.2042 -0.029292809 0.00030196365
7381214520.2042 -0.029981267 0.0010818336
7381264520.2042 -0.029521594 0.0016037179
7381314520.2042 -0.029490061 0.0014693066
7381364520.2042 -0.028366255 0.0010520639
7381414520.2042 -0.02955384 0.0025611967
7381464520.2042 -0.030095171 0.00090908166
7381514520.2042 -0.028916758 0.0016228352
7381564520.2042 -0.030062612 0.0026232963
7381614520.2042 -0.030184012 0.0027643405
7381664520.2042 -0.029536622 0.0022289129
7381714520.2042 -0.028673889 0.0022532959
7381764520.2042 -0.029830191 0.0020080013
7381814520.2042 -0.029702701 0.0021654144
7381864520.2042 -0.029536992 0.0015781019
7381914520.2042 -0.028966736 0.0020452579
7381964520.2042 -0.029432841 0.0025334097
7382014520.2042 -0.028895933 0.003301776
7382064520.2042 -0.029140474 0.0015942045
7382114520.2042 -0.030179106 0.00087133888
7382164520.2042 -0.029400688 0.0013844753
7382214520.2042 -0.029645417 0.0015771864
7382264520.2042 -0.029612804 0.0017263899
7382314520.2042 -0.028310314 0.0017001648
7382364520.2042 -0.029742217 0.0025824681
7382414520.2042 -0.028856136 0.0015012901
7382464520.2042 -0.029502887 0.0015363637
7382514520.2042 -0.030451654 0.0018912274
7382564520.2042 -0.028675318 0.0014584577
7382614520.2042 -0.029120144 0.0018292135
7382664520.2042 -0.028969368 0.0015924498
7382714520.2042 -0.029874042 0.0017974181
7382764520.2042 -0.028543117 0.0015401514
7382814520.2042 -0.028778413 0.0020879377
7382864520.2042 -0.02895692 0.0014246302
7382914520.2042 -0.029609254 0.0019222675
7382964520.2042 -0.029152887 0.002106972
7383014520.2042 -0.029473852 0.003013216
7383064520.2042 -0.029871019 0.0022764038
7383114520.2042 -0.029385438 0.0030888859
7383164520.2042 -0.028866434 0.00098582637
7383214520.2042 -0.02961277 0.0024565868
7383264520.2042 -0.028701277 0.0021838397
7383314520.2042 -0.030629568 0.0015454106
7383364520.2042 -0.029097488 0.0014816546
7383414520.2042 -0.029131867 0.0018331287
7383464520.2042 -0.029217763 0.0023938036
7383514520.2042 -0.029648446 0.0016597318
7383564520.2042 -0.029309319 0.0024111865
7383614520.2042 -0.029622689 0.002941689
7383664520.2042 -0.029223153 0.0016752852
7383714520.2042 -0.029220741 0.0025246954
7383764520.2042 -0.029912548 0.0011456362
7383814520.2042 -0.029452549 0.0027602073
7383864520.2042 -0.02958251 0.0026755747
7383914520.2042 -0.030254649 0.0023048841
7383964520.2042 -0.030193962 0.0021490869
7384014520.2042 -0.029576495 0.0029388666
7384064520.2042 -0.029472085 0.0017344196
7384114520.2042 -0.029647315 0.0022985779
7384164520.2042 -0.028466018 0.0031549027
7384214520.2042 -0.029753815 0.0027157427
7384264520.2042 -0.030605869 0.0032500203
7384314520.2042 -0.029322501 0.0018339693
7384364520.2042 -0.028568 0.0018938996
7384414520.2042 -0.02898315 0.0026817468
7384464520.2042 -0.029007701 0.001761626
7384514520.2042 -0.029010821 0.0023128502
7384564520.2042 -0.029082958 0.002282544
7384614520.2042 -0.029541198 0.0022697947
7384664520.2042 -0.029649824 0.002440881
7384714520.2042 -0.029262044 0.0023829723
7384764520.2042 -0.029307991 0.0025249394
7384814520.2042 -0.029087102 0.0034620259
7384864520.2042 -0.029293682 0.0021924488
7384914520.2042 -0.029668257 0.0039526802
7384964520.2042 -0.03031983 0.0022530323
7385014520.2042 -0.029107856 0.0030800281
7385064520.2042 -0.029690171 0.0018441807
7385114520.2042 -0.029652702 0.0026148278
7385164520.2042 -0.029282978 0.0030679917
7385214520.2042 -0.029277395 0.0029399656
7385264520.2042 -0.029675076 0.0028753188
7385314520.2042 -0.028711438 0.0032700235
7385364520.2042 -0.029567242 0.0030924948
7385414520.2042 -0.030614957 0.0037473403
7385464520.2042 -0.029202029 0.0035848748
7385514520.2042 -0.030056894 0.0022282992
7385564520.2042 -0.030237749 0.0022113407
7385614520.2042 -0.02900688 0.0031635482
7385664520.2042 -0.029278919 0.0029822402
7385714520.2042 -0.029924963 0.0027482836
7385764520.2042 -0.029405173 0.0039725136
7385814520.2042 -0.029180229 0.0033773268
7385864520.2042 -0.029048499 0.0026709819
7385914520.2042 -0.028678406 0.00342781
7385964520.2042 -0.028790236 0.0029521557
7386014520.2042 -0.029296817 0.0030533141
7386064520.2042 -0.028926702 0.0030448297
7386114520.2042 -0.029657848 0.0025894344
7386164520.2042 -0.029181955 0.0031292206
7386214520.2042 -0.030125525 0.0034646541
7386264520.2042 -0.029049998 0.0042817565
7386314520.2042 -0.029366221 0.0034740875
7386364520.2042 -0.029165555 0.0030248072
7386414520.2042 -0.029319808 0.0020504808
7386464520.2042 -0.029893354 0.0020213202
7386514520.2042 -0.029412948 0.0025830315
7386564520.2042 -0.028717205 0.0023676101
7386614520.2042 -0.029743319 0.0028114766
7386664520.2042 -0.030023914 0.0030651717
7386714520.2042 -0.029321823 0.0021921275
7386764520.2042 -0.028891755 0.0039114142
7386814520.2042 -0.030640207 0.0028793635
7386864520.2042 -0.027783867 0.0029193554
7386914520.2042 -0.028586017 0.0024369946
7386964520.2042 -0.030180518 0.0029440885
7387014520.2042 -0.02941566 0.0036837892
7387064520.2042 -0.029393811 0.0037722494
7387114520.2042 -0.029203687 0.0022633895
7387164520.2042 -0.028909124 0.0037437854
7387214520.2042 -0.028559532 0.0035640183
7387264520.2042 -0.028299903 0.0034025167
7387314520.2042 -0.029590728 0.0043072077
7387364520.2042 -0.029610682 0.0038177725
7387414520.2042 -0.028709948 0.0047622542
7387464520.2042 -0.0289081 0.0035179653
7387514520.2042 -0.028813593 0.0034934161
7387564520.2042 -0.030290479 0.0033024314
7387614520.2042 -0.028839411 0.003890526
7387664520.2042 -0.030194504 0.0040775337
7387714520.2042 -0.029720303 0.0023520533
7387764520.2042 -0.029075218 0.0042207446
7387814520.2042 -0.029276641 0.0034621661
7387864520.2042 -0.029538944 0.0043361904
7387914520.2042 -0.029301113 0.0035500936
7387964520.2042 -0.028174549 0.0041265711
7388014520.2042 -0.028232491 0.0037908547
7388064520.2042 -0.029617449 0.0040274365
7388114520.2042 -0.028928429 0.0036601301
7388164520.2042 -0.029522153 0.004455246
7388214520.2042 -0.029786486 0.003828587
7388264520.2042 -0.029716624 0.0045285942
7388314520.2042 -0.028529443 0.0041766735
7388364520.2042 -0.029114394 0.0040175491
7388414520.2042 -0.028427547 0.0055997712
7388464520.2042 -0.028520904 0.0037436998
7388514520.2042 -0.029638264 0.0044105086
7388564520.2042 -0.029570956 0.0042266333
7388614520.2042 -0.028957875 0.0040342915
7388664520.2042 -0.029524207 0.0043325284
7388714520.2042 -0.029762624 0.0039507602
7388764520.2042 -0.028306436 0.0046078195
7388814520.2042 -0.028839068 0.0041705184
7388864520.2042 -0.029106928 0.0041399105
7388914520.2042 -0.029363917 0.0036403397
7388964520.2042 -0.027462479 0.0046837255
7389014520.2042 -0.027989442 0.0043425811
7389064520.2042 -0.028771196 0.003525856
7389114520.2042 -0.029423267 0.0050001964
7389164520.2042 -0.028834756 0.0042443397
7389214520.2042 -0.029034447 0.0048055388
7389264520.2042 -0.029273707 0.0043472229
7389314520.2042 -0.028631141 0.0036204131
7389364520.2042 -0.028434545 0.0042605558
7389414520.2042 -0.029354636 0.0043502906
7389464520.2042 -0.029417384 0.0044887783
7389514520.2042 -0.02804669 0.0040432746
7389564520.2042 -0.029161341 0.0053499164
7389614520.2042 -0.028745685 0.004816696
7389664520.2042 -0.029251566 0.0057149148
7389714520.2042 -0.029534217 0.0046117678
7389764520.2042 -0.029070761 0.0041504493
7389814520.2042 -0.028970079 0.0051409835
7389864520.2042 -0.029456485 0.0047739763
7389914520.2042 -0.028165746 0.0039339298
7389964520.2042 -0.028231146 0.0060563069
7390014520.2042 -0.028627247 0.0042976448
7390064520.2042 -0.029043015 0.0051308339
7390114520.2042 -0.029337738 0.0057588918
7390164520.2042 -0.028779309 0.0056240465
7390214520.2042 -0.029044632 0.0048551466
7390264520.2042 -0.02895836 0.0047607794
7390314520.2042 -0.028932262 0.0054758275
7390364520.2042 -0.027859621 0.0061389897
7390414520.2042 -0.028713625 0.0051846812
7390464520.2042 -0.029795729 0.0045710476
7390514520.2042 -0.028961893 0.0053031789
7390564520.2042 -0.027789332 0.0061552888
7390614520.2042 -0.027777916 0.0054337429
7390664520.2042 -0.02964036 0.0053672045
7390714520.2042 -0.028359592 0.0058593457
7390764520.2042 -0.029283898 0.0059101987
7390814520.2042 -0.028305912 0.0058638104
7390864520.2042 -0.028634543 0.0061267973
7390914520.2042 -0.029514264 0.0049285777
7390964520.2042 -0.028030924 0.0069653648
7391014520.2042 -0.028586917 0.0056814104
7391064520.2042 -0.029286982 0.0058595221
7391114520.2042 -0.029068628 0.0063385991
7391164520.2042 -0.02820231 0.006537402
7391214520.2042 -0.028456898 0.0065283277
7391264520.2042 -0.028387954 0.0057624271
7391314520.2042 -0.028804142 0.0067918845
7391364520.2042 -0.028426053 0.0063834204
7391414520.2042 -0.029144242 0.0061217239
7391464520.2042 -0.029199008 0.0060263914
7391514520.2042 -0.028744783 0.0060038771
7391564520.2042 -0.027409455 0.0069441386
7391614520.2042 -0.028854458 0.0065211589
7391664520.2042 -0.028100569 0.0055085542
7391714520.2042 -0.027117701 0.006923941
7391764520.2042 -0.028926278 0.0076254513
7391814520.2042 -0.029039741 0.0081176814
7391864520.2042 -0.028130364 0.0070030158
7391914520.2042 -0.028565172 0.0070819538
7391964520.2042 -0.029017037 0.0067977319
7392014520.2042 -0.028571567 0.0075317747
7392064520.2042 -0.027620476 0.0067601278
7392114520.2042 -0.028538594 0.0068970281
7392164520.2042 -0.02828124 0.0073044645
7392214520.2042 -0.028529039 0.0072689978
7392264520.2042 -0.028239988 0.0066603655
7392314520.2042 -0.027177008 0.0069943983
7392364520.2042 -0.028935833 0.0074767955
7392414520.2042 -0.027692156 0.0067392685
7392464520.2042 -0.028259153 0.0074794199
7392514520.2042 -0.027269363 0.0074619725
7392564520.2042 -0.028231015 0.0081318207
7392614520.2042 -0.027197856 0.0085877525
7392664520.2042 -0.027458271 0.0078404602
7392714520.2042 -0.027440844 0.0079494789
7392764520.2042 -0.028302243 0.0082538705
7392814520.2042 -0.028858377 0.0077619674
7392864520.2042 -0.028804174 0.0075638583
7392914520.2042 -0.027574804 0.008750502
7392964520.2042 -0.02761738 0.0076743867
7393014520.2042 -0.027748182 0.0080159204
7393064520.2042 -0.028533574 0.0085392725
7393114520.2042 -0.028012469 0.0083766589
7393164520.2042 -0.02803304 0.0082651386
7393214520.2042 -0.028513256 0.0087841162
7393264520.2042 -0.028664658 0.0083645452
7393314520.2042 -0.028262762 0.008609226
7393364520.2042 -0.027252998 0.0096124308
7393414520.2042 -0.028244592 0.0086518452
7393464520.2042 -0.027927961 0.008545246
7393514520.2042 -0.027493758 0.008361347
7393564520.2042 -0.028253995 0.0098432088
7393614520.2042 -0.027470019 0.0093902005
7393664520.2042 -0.027566515 0.0094641522
7393714520.2042 -0.027454983 0.0096445074
7393764520.2042 -0.027846113 0.010039433
7393814520.2042 -0.027376141 0.0089417445
7393864520.2042 -0.028078102 0.010176841
7393914520.2042 -0.027042303 0.010464262
7393964520.2042 -0.027368886 0.0098498994
7394014520.2042 -0.02664623 0.010001823
7394064520.2042 -0.027943568 0.011389724
7394114520.2042 -0.026423275 0.011212841
7394164520.2042 -0.0275394 0.010606148
7394214520.2042 -0.027883973 0.010351191
7394264520.2042 -0.027107654 0.010512194
7394314520.2042 -0.027367992 0.010870815
7394364520.2042 -0.027259756 0.011114208
7394414520.2042 -0.027364045 0.010486819
7394464520.2042 -0.027863644 0.01129975
7394514520.2042 -0.026039902 0.011703043
7394564520.2042 -0.027522044 0.011086524
7394614520.2042 -0.026974238 0.010544248
7394664520.2042 -0.027271733 0.01106053
7394714520.2042 -0.026233763 0.010927312
7394764520.2042 -0.026243081 0.012034523
7394814520.2042 -0.027502026 0.011818834
7394864520.2042 -0.026768904 0.01233584
7394914520.2042 -0.026346384 0.011810425
7394964520.2042 -0.026665568 0.012889561
7395014520.2042 -0.026489284 0.012053696
7395064520.2042 -0.025450829 0.012057413
7395114520.2042 -0.027711015 0.012684166
7395164520.2042 -0.025362136 0.012902033
7395214520.2042 -0.026193315 0.013990399
7395264520.2042 -0.025775356 0.01406929
7395314520.2042 -0.026970705 0.013328336
7395364520.2042 -0.02526099 0.0133595
7395414520.2042 -0.026173089 0.013844483
7395464520.2042 -0.026320629 0.013010211
7395514520.2042 -0.025218623 0.013468893
7395564520.2042 -0.024268763 0.014480733
7395614520.2042 -0.025664877 0.013499369
7395664520.2042 -0.025345705 0.014605267
7395714520.2042 -0.024855135 0.014657631
7395764520.2042 -0.025110705 0.01462808
7395814520.2042 -0.024813183 0.014976259
7395864520.2042 -0.024726639 0.015539864
7395914520.2042 -0.024939274 0.01586047
7395964520.2042 -0.023632983 0.014673393
7396014520.2042 -0.023460988 0.015951488
7396064520.2042 -0.023324847 0.016014406
7396114520.2042 -0.023634182 0.015276031
7396164520.2042 -0.023247398 0.01629097
7396214520.2042 -0.023815755 0.017158261
7396264520.2042 -0.023281096 0.016351596
7396314520.2042 -0.022368399 0.017441593
7396364520.2042 -0.023657158 0.016962998
7396414520.2042 -0.023482779 0.016992014
7396464520.2042 -0.022933245 0.017767314
7396514520.2042 -0.022509979 0.017563751
7396564520.2042 -0.022979062 0.018449409
7396614520.2042 -0.021715466 0.018751891
7396664520.2042 -0.022460289 0.019111916
7396714520.2042 -0.021780832 0.019493744
7396764520.2042 -0.02158092 0.019485019
7396814520.2042 -0.020935748 0.019048868
7396864520.2042 -0.020349 0.019739028
7396914520.2042 -0.020675989 0.019639565
7396964520.2042 -0.020841135 0.020282529
7397014520.2042 -0.020168595 0.020121507
7397064520.2042 -0.017905852 0.020985866
7397114520.2042 -0.019067839 0.021460455
7397164520.2042 -0.018523775 0.022229265
7397214520.2042 -0.018554319 0.022134192
7397264520.2042 -0.017350962 0.022379007
7397314520.2042 -0.017215164 0.022337455
7397364520.2042 -0.01656726 0.022958107
7397414520.2042 -0.016474402 0.023762425
7397464520.2042 -0.01608178 0.023938522
7397514520.2042 -0.015900174 0.024110684
7397564520.2042 -0.015434006 0.023755141
7397614520.2042 -0.014516893 0.024056828
7397664520.2042 -0.01397889 0.024869146
7397714520.2042 -0.013584197 0.024213325
7397764520.2042 -0.013173974 0.025074838
7397814520.2042 -0.013023787 0.025389254
7397864520.2042 -0.010809761 0.02545624
7397914520.2042 -0.01060165 0.026930876
7397964520.2042 -0.0087419292 0.0262288
7398014520.2042 -0.0079199793 0.02678857
7398064520.2042 -0.0068427799 0.026818989
7398114520.2042 -0.0064515518 0.026210744
7398164520.2042 -0.0056550475 0.027309041
7398214520.2042 -0.0051053325 0.027429659
7398264520.2042 -0.0032946207 0.027203634
7398314520.2042 -0.0016403226 0.027558409
7398364520.2042 -0.0013161935 0.027458999
7398414520.2042 -0.00031143054 0.027343478
7398464520.2042 0.0012273528 0.026610367
7398514520.2042 0.0025986033 0.026286468
7398564520.2042 0.0038388083 0.026714131
7398614520.2042 0.0052058632 0.026349541
7398664520.2042 0.0078594517 0.026062571
7398714520.2042 0.0087162517 0.02551117
7398764520.2042 0.010324805 0.025167041
7398814520.2042 0.01156457 0.023497412
7398864520.2042 0.014060971 0.023301657
7398914520.2042 0.014360591 0.022694444
7398964520.2042 0.016118065 0.020969715
7399014520.2042 0.017045613 0.019797243
7399064520.2042 0.018446427 0.017926216
7399114520.2042 0.020088121 0.016002789
7399164520.2042 0.020915426 0.015476862
7399214520.2042 0.022861063 0.013291843
7399264520.2042 0.024178559 0.010759147
7399314520.2042 0.023798395 0.0095448093
7399364520.2042 0.024364229 0.0069719525
7399414520.2042 0.024678264 0.0043369662
7399464520.2042 0.026287567 0.0025999837
7399514520.2042 0.027312078 0.00044927676
7399564520.2042 0.02584522 -0.0023286908
7399614520.2042 0.026090989 -0.0044150716
7399664520.2042 0.025450556 -0.0059486362
7399714520.2042 0.025423521 -0.0073671956
7399764520.2042 0.023620589 -0.01106976
7399814520.2042 0.022564657 -0.01248078
7399864520.2042 0.022361593 -0.013755258
7399914520.2042 0.019562723 -0.016284838
7399964520.2042 0.019374995 -0.018188104
7400014520.2042 0.017896447 -0.019085377
7400064520.2042 0.016675226 -0.019638512
7400114520.2042 0.015733225 -0.021551304
7400164520.2042 0.015162482 -0.02252565
7400214520.2042 0.012255741 -0.024206819
7400264520.2042 0.011186011 -0.024143068
7400314520.2042 0.010295741 -0.025261793
7400364520.2042 0.0089206416 -0.025265243
7400414520.2042 0.0074445955 -0.025919234
7400464520.2042 0.0051902779 -0.027455032
7400514520.2042 0.0029700091 -0.027456215
7400564520.2042 0.0019250871 -0.027254611
7400614520.2042 0.00138995 -0.026609575
7400664520.2042 0.00068270788 -0.028386245
7400714520.2042 -0.0010655159 -0.027646728
7400764520.2042 -0.0016443748 -0.026844513
7400814520.2042 -0.0028224513 -0.027584977
7400864520.2042 -0.0034534782 -0.029137874
7400914520.2042 -0.0046025701 -0.026593547
7400964520.2042 -0.0067975819 -0.027386107
7401014520.2042 -0.0066644661 -0.027063381
7401064520.2042 -0.0071662525 -0.027385611
7401114520.2042 -0.0080086598 -0.02673519
7401164520.2042 -0.0092703728 -0.026991922
7401214520.2042 -0.0098256497 -0.026366878
7401264520.2042 -0.010496896 -0.02705216
7401314520.2042 -0.011771386 -0.025331443
7401364520.2042 -0.010516674 -0.026105819
7401414520.2042 -0.012116667 -0.025647089
7401464520.2042 -0.013514219 -0.025957052
7401514520.2042 -0.013192764 -0.025180917
7401564520.2042 -0.012837647 -0.02544193
7401614520.2042 -0.014539707 -0.025647696
7401664520.2042 -0.01504099 -0.025151458
7401714520.2042 -0.015467003 -0.023377264
7401764520.2042 -0.016127352 -0.023679115
7401814520.2042 -0.017063687 -0.023482798
7401864520.2042 -0.017105261 -0.024407484
7401914520.2042 -0.01737218 -0.022839505
7401964520.2042 -0.017327702 -0.022681812
7402014520.2042 -0.016766177 -0.022929506
7402064520.2042 -0.017564291 -0.022756835
7402114520.2042 -0.018417953 -0.022613784
7402164520.2042 -0.018942486 -0.021066716
7402214520.2042 -0.019022403 -0.021903316
7402264520.2042 -0.01836814 -0.021695122
7402314520.2042 -0.019607067 -0.020654391
7402364520.2042 -0.020233165 -0.020354085
7402414520.2042 -0.01987813 -0.020257449
7402464520.2042 -0.021013785 -0.02002915
7402514520.2042 -0.021480352 -0.020105023
7402564520.2042 -0.020525325 -0.020114314
7402614520.2042 -0.021522759 -0.019531602
7402664520.2042 -0.022235764 -0.020508111
7402714520.2042 -0.021535136 -0.019009233
7402764520.2042 -0.020262673 -0.019590881
7402814520.2042 -0.022143941 -0.019681301
7402864520.2042 -0.022461073 -0.018857572
7402914520.2042 -0.022775937 -0.019289374
7402964520.2042 -0.021951819 -0.018369399
7403014520.2042 -0.022533953 -0.017653111
7403064520.2042 -0.02251737 -0.018121079
7403114520.2042 -0.022178661 -0.017839994
7403164520.2042 -0.022286851 -0.017137406
7403214520.2042 -0.022464048 -0.017205209
7403264520.2042 -0.023049232 -0.017332608
7403314520.2042 -0.023187151 -0.017608192
7403364520.2042 -0.023334291 -0.017138263
7403414520.2042 -0.023439709 -0.017329017
7403464520.2042 -0.023458317 -0.016486876
7403514520.2042 -0.022849288 -0.017177891
7403564520.2042 -0.024710806 -0.016543375
7403614520.2042 -0.023612702 -0.016177775
7403664520.2042 -0.024289409 -0.015853116
7403714520.2042 -0.023962887 -0.016164701
7403764520.2042 -0.024731226 -0.016068343
7403814520.2042 -0.0248338 -0.014706498
7403864520.2042 -0.024259429 -0.015009596
7403914520.2042 -0.025107516 -0.016534077
7403964520.2042 -0.024576088 -0.015487606
7404014520.2042 -0.024265982 -0.015049409
7404064520.2042 -0.024611058 -0.014235854
7404114520.2042 -0.024675993 -0.015137836
7404164520.2042 -0.025982426 -0.014438446
7404214520.2042 -0.024518607 -0.015064029
7404264520.2042 -0.025500098 -0.014329001
7404314520.2042 -0.025918858 -0.013936045
7404364520.2042 -0.02557566 -0.014169546
7404414520.2042 -0.025523214 -0.013596475
7404464520.2042 -0.025262127 -0.013557253
7404514520.2042 -0.025912436 -0.013040785
7404564520.2042 -0.026600949 -0.014221542
7404614520.2042 -0.024334382 -0.014021277
7404664520.2042 -0.024738915 -0.014118031
7404714520.2042 -0.025756599 -0.013672943
7404764520.2042 -0.0258795 -0.013623741
7404814520.2042 -0.025413258 -0.012892833
7404864520.2042 -0.026805591 -0.013416855
7404914520.2042 -0.025728658 -0.012312897
7404964520.2042 -0.02565719 -0.01281129
7405014520.2042 -0.026924698 -0.013543203
7405064520.2042 -0.025446676 -0.013524577
7405114520.2042 -0.025716363 -0.01157287
7405164520.2042 -0.026443409 -0.013118751
7405214520.2042 -0.025525309 -0.012316989
7405264520.2042 -0.026366925 -0.011062061
7405314520.2042 -0.027364573 -0.011605842
7405364520.2042 -0.026335608 -0.012838263
7405414520.2042 -0.026600413 -0.012137095
7405464520.2042 -0.026032839 -0.011775018
7405514520.2042 -0.025903452 -0.012735342
7405564520.2042 -0.02698639 -0.012033304
7405614520.2042 -0.025992587 -0.01163739
7405664520.2042 -0.026607875 -0.012131716
7405714520.2042 -0.0272638 -0.011511033
7405764520.2042 -0.026336741 -0.011105413
7405814520.2042 -0.026916277 -0.011727767
7405864520.2042 -0.02558732 -0.010605345
7405914520.2042 -0.02633195 -0.012446817
7405964520.2042 -0.025926277 -0.011057943
7406014520.2042 -0.026648749 -0.011487641
7406064520.2042 -0.027059313 -0.010469988
7406114520.2042 -0.02818225 -0.011345793
7406164520.2042 -0.026929475 -0.011133954
7406214520.2042 -0.02786079 -0.011272918
7406264520.2042 -0.027567178 -0.011228012
7406314520.2042 -0.02589779 -0.011220199
7406364520.2042 -0.026803397 -0.010400808
7406414520.2042 -0.027388958 -0.010953865
7406464520.2042 -0.027340699 -0.011451007
7406514520.2042 -0.026554041 -0.011151617
7406564520.2042 -0.027722124 -0.0099426424
7406614520.2042 -0.027009457 -0.009699042
7406664520.2042 -0.027399875 -0.010651698
7406714520.2042 -0.027438402 -0.010774746
7406764520.2042 -0.027417127 -0.010841539
7406814520.2042 -0.027649788 -0.011705698
7406864520.2042 -0.027164526 -0.0097949822
7406914520.2042 -0.027474945 -0.010601236
7406964520.2042 -0.027433481 -0.0093982182
7407014520.2042 -0.027580053 -0.011297483
7407064520.2042 -0.027126534 -0.0099237328
7407114520.2042 -0.028254032 -0.0098854396
7407164520.2042 -0.026406098 -0.009293139
7407214520.2042 -0.028310411 -0.010991994
7407264520.2042 -0.027694361 -0.0098503074
7407314520.2042 -0.027784115 -0.009178834
7407364520.2042 -0.0281209 -0.0093919002
7407414520.2042 -0.026982605 -0.0089680552
7407464520.2042 -0.026930071 -0.010343929
7407514520.2042 -0.026886357 -0.0093177725
7407564520.2042 -0.027475491 -0.009478461
7407614520.2042 -0.027576312 -0.0096050063
7407664520.2042 -0.0272635 -0.0094917407
7407714520.2042 -0.02691575 -0.0093934946
7407764520.2042 -0.028032625 -0.0083315205
7407814520.2042 -0.02823928 -0.0089825587
7407864520.2042 -0.027999638 -0.0091824755
7407914520.2042 -0.027440965 -0.0085785594
7407964520.2042 -0.027165428 -0.0091693476
7408014520.2042 -0.028752156 -0.0097300569
7408064520.2042 -0.02778629 -0.0089308284
7408114520.2042 -0.028017169 -0.0089342482
7408164520.2042 -0.027798373 -0.0094509553
7408214520.2042 -0.026990827 -0.0090301745
7408264520.2042 -0.028286815 -0.0085899364
7408314520.2042 -0.027906122 -0.008065097
7408364520.2042 -0.027862281 -0.0096031753
7408414520.2042 -0.028782304 -0.0083705327
7408464520.2042 -0.028105129 -0.0088061457
7408514520.2042 -0.029052209 -0.0086199408
7408564520.2042 -0.027466169 -0.0089397617
7408614520.2042 -0.028339505 -0.0086112618
7408664520.2042 -0.027069338 -0.0083017591
7408714520.2042 -0.027425719 -0.0085142134
7408764520.2042 -0.027392011 -0.0091716461
7408814520.2042 -0.027920784 -0.0081342747
7408864520.2042 -0.028309612 -0.0083253402
7408914520.2042 -0.027986698 -0.0081611872
7408964520.2042 -0.027637506 -0.0090763271
7409014520.2042 -0.028575836 -0.0084071942
7409064520.2042 -0.028782282 -0.0092501454
7409114520.2042 -0.027248275 -0.0085314568
7409164520.2042 -0.027874216 -0.0087309061
7409214520.2042 -0.028421521 -0.008757527
7409264520.2042 -0.028825141 -0.0077355299
7409314520.2042 -0.027719725 -0.0077488674
7409364520.2042 -0.027178412 -0.0082084648
7409414520.2042 -0.028264955 -0.008546425
7409464520.2042 -0.028120063 -0.0074766856
7409514520.2042 -0.029133718 -0.0085249189
7409564520.2042 -0.026773376 -0.0079133837
7409614520.2042 -0.028256189 -0.007842374
7409664520.2042 -0.027705323 -0.0073630204
7409714520.2042 -0.027638234 -0.007781798
7409764520.2042 -0.028047498 -0.0074689025
7409814520.2042 -0.028025702 -0.0070605185
7409864520.2042 -0.028109387 -0.0088047944
7409914520.2042 -0.029257752 -0.0070633255
7409964520.2042 -0.027941559 -0.008515954
7410014520.2042 -0.02850827 -0.0081186453
7410064520.2042 -0.02848551 -0.007540782
7410114520.2042 -0.028349159 -0.0077178292
7410164520.2042 -0.028405521 -0.0077209473
7410214520.2042 -0.029477894 -0.0064856382
7410264520.2042 -0.028148543 -0.0071344236
7410314520.2042 -0.028305272 -0.0068176631
7410364520.2042 -0.028983718 -0.0075071538
7410414520.2042 -0.02817829 -0.0075438404
7410464520.2042 -0.027473414 -0.0082481429
7410514520.2042 -0.028078411 -0.0079579828
7410564520.2042 -0.028559975 -0.0084042782
7410614520.2042 -0.029011108 -0.0071803434
7410664520.2042 -0.028968185 -0.0078529473
7410714520.2042 -0.028232606 -0.0078587849
7410764520.2042 -0.028236546 -0.0077610957
7410814520.2042 -0.027890988 -0.0074296924
7410864520.2042 -0.028777946 -0.0074123428
7410914520.2042 -0.028925002 -0.0075590061
7410964520.2042 -0.027556838 -0.0072084586
7411014520.2042 -0.028919408 -0.0063517485
7411064520.2042 -0.028951993 -0.0071709324
7411114520.2042 -0.027569348 -0.0059449617
7411164520.2042 -0.028224133 -0.0078574289
7411214520.2042 -0.02907999 -0.0074354196
7411264520.2042 -0.028032253 -0.0069805821
7411314520.2042 -0.02898062 -0.0073765777
7411364520.2042 -0.027891256 -0.0065141362
7411414520.2042 -0.02842596 -0.0069250199
7411464520.2042 -0.027400907 -0.0064287591
7411514520.2042 -0.029526284 -0.0062058028
7411564520.2042 -0.028969124 -0.0063730706
7411614520.2042 -0.029056156 -0.0078737177
7411664520.2042 -0.028217241 -0.0066174516
7411714520.2042 -0.028142542 -0.0061379396
7411764520.2042 -0.029150585 -0.0060643624
7411814520.2042 -0.029298004 -0.0060848324
7411864520.2042 -0.028745862 -0.0065031
7411914520.2042 -0.028968975 -0.0067057451
7411964520.2042 -0.028770419 -0.0065245563
7412014520.2042 -0.029363899 -0.007490607
7412064520.2042 -0.028447183 -0.0067373086
7412114520.2042 -0.028912522 -0.0055975616
7412164520.2042 -0.027732037 -0.0073496783
7412214520.2042 -0.027712626 -0.0063303746
7412264520.2042 -0.028109599 -0.0064823516
7412314520.2042 -0.029214367 -0.0072242469
7412364520.2042 -0.028002163 -0.0062695094
7412414520.2042 -0.0275103 -0.004878439
7412464520.2042 -0.02850702 -0.006398025
7412514520.2042 -0.02904032 -0.0057960791
7412564520.2042 -0.028348587 -0.0075775925
7412614520.2042 -0.029080836 -0.0062199887
7412664520.2042 -0.029583091 -0.0062690424
7412714520.2042 -0.029736772 -0.0056402609
7412764520.2042 -0.027842028 -0.0077046868
7412814520.2042 -0.028401468 -0.0055356114
7412864520.2042 -0.028277488 -0.0069811554
7412914520.2042 -0.029045643 -0.0052975863
7412964520.2042 -0.028674494 -0.0054237135
7413014520.2042 -0.028559787 -0.0063582882
7413064520.2042 -0.030015146 -0.005827832
7413114520.2042 -0.029140085 -0.0061670002
7413164520.2042 -0.028196115 -0.0058179582
7413214520.2042 -0.028613128 -0.0064226249
7413264520.2042 -0.029142149 -0.0057177972
7413314520.2042 -0.028939994 -0.0065472359
7413364520.2042 -0.0283149 -0.0057736943
7413414520.2042 -0.029211713 -0.0055853408
7413464520.2042 -0.028286841 -0.0056007393
7413514520.2042 -0.029151399 -0.0060373526
7413564520.2042 -0.029852569 -0.006539003
7413614520.2042 -0.029551081 -0.0063134516
7413664520.2042 -0.029009718 -0.0061320448
7413714520.2042 -0.029199343 -0.0060267588
7413764520.2042 -0.027985532 -0.0066860663
7413814520.2042 -0.029151257 -0.0064448453
7413864520.2042 -0.029142383 -0.0064735627
7413914520.2042 -0.028744053 -0.0057558436
7413964520.2042 -0.028761484 -0.0056224037
7414014520.2042 -0.029076379 -0.0059758928
7414064520.2042 -0.029097747 -0.0062286835
7414114520.2042 -0.029764339 -0.0058789933
7414164520.2042 -0.028661426 -0.0053744055
7414214520.2042 -0.028430872 -0.0062146774
7414264520.2042 -0.029595196 -0.0053653065
7414314520.2042 -0.029469475 -0.0059676906
7414364520.2042 -0.027846251 -0.0049918685
7414414520.2042 -0.029949266 -0.0062842565
7414464520.2042 -0.029520817 -0.0053211469
7414514520.2042 -0.028807849 -0.0058197584
7414564520.2042 -0.028275773 -0.0058334991
7414614520.2042 -0.029804446 -0.0052951556
7414664520.2042 -0.028252881 -0.0052803233
7414714520.2042 -0.029154083 -0.005622698
7414764520.2042 -0.029430266 -0.0054850774
7414814520.2042 -0.029642534 -0.0056664487
7414864520.2042 -0.028898096 -0.0064080553
7414914520.2042 -0.029147418 -0.0049758726
7414964520.2042 -0.028085181 -0.0059094434
7415014520.2042 -0.029321983 -0.0053534159
7415064520.2042 -0.028347328 -0.0053865155
7415114520.2042 -0.028215654 -0.0060274536
7415164520.2042 -0.029008308 -0.0057575554
7415214520.2042 -0.029128462 -0.0057239821
7415264520.2042 -0.028273048 -0.0055387616
7415314520.2042 -0.029831264 -0.0057508447
7415364520.2042 -0.028583709 -0.0046533281
7415414520.2042 -0.028792849 -0.0053471094
7415464520.2042 -0.02923491 -0.0042527416
7415514520.2042 -0.028754009 -0.0046527721
7415564520.2042 -0.029551886 -0.0048648324
7415614520.2042 -0.027522877 -0.005139275
7415664520.2042 -0.02872658 -0.0051304582
7415714520.2042 -0.028211789 -0.0049405964
7415764520.2042 -0.030430837 -0.0047062729
7415814520.2042 -0.029843099 -0.0053619188
7415864520.2042 -0.028246272 -0.0046073641
7415914520.2042 -0.028297834 -0.0054780729
7415964520.2042 -0.029320542 -0.0058887843
7416014520.2042 -0.028898004 -0.0048960568
7416064520.2042 -0.029241052 -0.0054578483
7416114520.2042 -0.028716367 -0.0057103313
7416164520.2042 -0.028721923 -0.0060393116
7416214520.2042 -0.028771086 -0.0050484762
7416264520.2042 -0.030098941 -0.0038782018
7416314520.2042 -0.028977627 -0.0045622289
7416364520.2042 -0.028841937 -0.0050582918
7416414520.2042 -0.029494086 -0.004959851
7416464520.2042 -0.029224692 -0.0045689424
7416514520.2042 -0.028844077 -0.0050907996
7416564520.2042 -0.028685324 -0.0051419493
7416614520.2042 -0.029374983 -0.0055719423
7416664520.2042 -0.029409628 -0.0047835968
7416714520.2042 -0.02831961 -0.0053743827
7416764520.2042 -0.029745808 -0.0042713173
7416814520.2042 -0.028466076 -0.0043293964
7416864520.2042 -0.028979842 -0.0054555023
7416914520.2042 -0.028466824 -0.0050259279
7416964520.2042 -0.02874238 -0.0065315235
7417014520.2042 -0.029074462 -0.0046119681
7417064520.2042 -0.029040506 -0.0050295088
7417114520.2042 -0.028754182 -0.0048289681
7417164520.2042 -0.029994059 -0.0048462087
7417214520.2042 -0.02832735 -0.0046598734
7417264520.2042 -0.028681658 -0.0040526371
7417314520.2042 -0.030112319 -0.0042599076
7417364520.2042 -0.02924205 -0.0038804822
7417414520.2042 -0.029586058 -0.0045308499
7417464520.2042 -0.029450312 -0.0042473404
7417514520.2042 -0.028343864 -0.0065013682
7417564520.2042 -0.028973214 -0.0049768826
7417614520.2042 -0.028563714 -0.004278847
7417664520.2042 -0.028964568 -0.0046326658
7417714520.2042 -0.028921399 -0.00459716
7417764520.2042 -0.029219586 -0.0042496417
7417814520.2042 -0.029605366 -0.0037865546
7417864520.2042 -0.028465524 -0.0043215128
7417914520.2042 -0.027879532 -0.0057110228
7417964520.2042 -0.03013432 -0.0044964636
7418014520.2042 -0.02944681 -0.0034700679
7418064520.2042 -0.02907262 -0.0051984256
7418114520.2042 -0.028407507 -0.0037468439
7418164520.2042 -0.02944506 -0.0037250454
7418214520.2042 -0.027857948 -0.0040056352
7418264520.2042 -0.029350411 -0.0047587724
7418314520.2042 -0.029444458 -0.004862858
7418364520.2042 -0.029272081 -0.004572982
7418414520.2042 -0.028800521 -0.0041159065
7418464520.2042 -0.028941702 -0.004598978
7418514520.2042 -0.02864014 -0.0049790088
7418564520.2042 -0.028556585 -0.0042115683
7418614520.2042 -0.030244878 -0.0042942474
7418664520.2042 -0.029055297 -0.0042685186
7418714520.2042 -0.029931026 -0.0051547736
7418764520.2042 -0.028862178 -0.0053147622
7418814520.2042 -0.030074958 -0.004436119
7418864520.2042 -0.028073188 -0.0042804461
7418914520.2042 -0.028673049 -0.0039693611
7418964520.2042 -0.029133994 -0.0045976117
7419014520.2042 -0.029669326 -0.0046604751
7419064520.2042 -0.02827774 -0.0043145241
7419114520.2042 -0.029221319 -0.0046622786
7419164520.2042 -0.029808076 -0.0038562142
7419214520.2042 -0.029393433 -0.0046810908
7419264520.2042 -0.029356737 -0.0047284169
7419314520.2042 -0.028808258 -0.0042873258
7419364520.2042 -0.029657893 -0.0040376219
7419414520.2042 -0.029676523 -0.0034500754
7419464520.2042 -0.028278658 -0.004100936
7419514520.2042 -0.027758066 -0.0042586406
7419564520.2042 -0.029566519 -0.0043304292
7419614520.2042 -0.029447855 -0.0026920114
7419664520.2042 -0.028695457 -0.0041166656
7419714520.2042 -0.029455863 -0.0039660418
7419764520.2042 -0.029339369 -0.0035094167
7419814520.2042 -0.029681461 -0.0042957207
7419864520.2042 -0.029117072 -0.0039266716
7419914520.2042 -0.028571816 -0.0040547466
7419964520.2042 -0.028707812 -0.003363824
7420014520.2042 -0.029289577 -0.0038974709
7420064520.2042 -0.029282136 -0.0036128864
7420114520.2042 -0.028555693 -0.0037502795
7420164520.2042 -0.028823799 -0.0039038847
7420214520.2042 -0.029565539 -0.0038955626
7420264520.2042 -0.029692434 -0.003205657
7420314520.2042 -0.029044773 -0.0032856385
7420364520.2042 -0.028354822 -0.0038617724
7420414520.2042 -0.029348664 -0.0044484828
7420464520.2042 -0.029348055 -0.0038931114
7420514520.2042 -0.029687293 -0.0039616874
7420564520.2042 -0.029419018 -0.0038125939
7420614520.2042 -0.028823175 -0.0046568187
7420664520.2042 -0.029066928 -0.0040663043
7420714520.2042 -0.02900973 -0.0045643905
7420764520.2042 -0.030002363 -0.0041991975
7420814520.2042 -0.029245205 -0.0024145758
7420864520.2042 -0.030243874 -0.0038456088
7420914520.2042 -0.02909009 -0.0038407063
7420964520.2042 -0.02880756 -0.0034873942
7421014520.2042 -0.02850721 -0.00340595
7421064520.2042 -0.029156685 -0.0043984111
7421114520.2042 -0.028474197 -0.0043943515
7421164520.2042 -0.030013837 -0.0033771275
7421214520.2042 -0.029067539 -0.0044426955
7421264520.2042 -0.029103968 -0.0031266306
7421314520.2042 -0.028600905 -0.0035127178
7421364520.2042 -0.03099937 -0.0039545009
7421414520.2042 -0.029159313 -0.0040430184
7421464520.2042 -0.029283118 -0.0038729906
7421514520.2042 -0.0293527 -0.003615411
7421564520.2042 -0.02945007 -0.0029872209
7421614520.2042 -0.029325297 -0.0046503646
7421664520.2042 -0.029233173 -0.0028381711
7421714520.2042 -0.029430486 -0.0039319471
7421764520.2042 -0.030027539 -0.0034560822
7421814520.2042 -0.029519536 -0.003642411
7421864520.2042 -0.02941031 -0.0029955544
7421914520.2042 -0.02981985 -0.0043501519
7421964520.2042 -0.028603561 -0.0032523936
7422014520.2042 -0.029828567 -0.0034159431
7422064520.2042 -0.028918989 -0.0036240062
7422114520.2042 -0.028565865 -0.004015157
7422164520.2042 -0.028681371 -0.0039230753
7422214520.2042 -0.029322565 -0.0035534389
7422264520.2042 -0.028201882 -0.003662915
7422314520.2042 -0.029052414 -0.0042868424
7422364520.2042 -0.029446995 -0.0036138603
7422414520.2042 -0.02919098 -0.002824272
7422464520.2042 -0.029528368 -0.0037016068
7422514520.2042 -0.029841773 -0.0027740495
7422564520.2042 -0.03017983 -0.0027034609
7422614520.2042 -0.029226696 -0.0029614773
7422664520.2042 -0.02984287 -0.0036660023
7422714520.2042 -0.029087452 -0.0028682197
7422764520.2042 -0.030289877 -0.0036087297
7422814520.2042 -0.029079109 -0.0029471857
7422864520.2042 -0.028995881 -0.0040647071
7422914520.2042 -0.028130641 -0.0052498095
7422964520.2042 -0.028493423 -0.0032761367
7423014520.2042 -0.028515477 -0.0024258299
7423064520.2042 -0.029174302 -0.0033645919
7423114520.2042 -0.028844994 -0.0031753473
7423164520.2042 -0.02913641 -0.0036116354
7423214520.2042 -0.02982495 -0.0028552448
7423264520.2042 -0.029395843 -0.0025237198
7423314520.2042 -0.030520415 -0.0034910259
7423364520.2042 -0.029061245 -0.0044124196
7423414520.2042 -0.028567584 -0.0030823131
7423464520.2042 -0.029238448 -0.0041690026
7423514520.2042 -0.02934129 -0.0028492005
7423564520.2042 -0.029148454 -0.0033260719
7423614520.2042 -0.028904149 -0.0036056521
7423664520.2042 -0.029834114 -0.0026484942
7423714520.2042 -0.029361473 -0.0033843648
7423764520.2042 -0.030000219 -0.002740874
7423814520.2042 -0.029354772 -0.0039838701
7423864520.2042 -0.028708581 -0.0030668837
7423914520.2042 -0.029016322 -0.0028867919
7423964520.2042 -0.029662307 -0.0029340088
7424014520.2042 -0.028934043 -0.0036706498
7424064520.2042 -0.028460972 -0.0032110421
7424114520.2042 -0.029157193 -0.0030359793
7424164520.2042 -0.029564179 -0.004205286
7424214520.2042 -0.029172732 -0.0044801049

