7374214520.2042 -0.03072561 0.00087007973
7374264520.2042 -0.030728007 0.00087441411
7374314520.2042 -0.030714132 0.00087362994
7374364520.2042 -0.030722016 0.00088584144
7374414520.2042 -0.03072542 0.00088160671
7374464520.2042 -0.030728478 0.00088582654
7374514520.2042 -0.030726239 0.0008991668
7374564520.2042 -0.030726405 0.00089997519
7374614520.2042 -0.030726766 0.00090279803
7374664520.2042 -0.0307266 0.00090572052
7374714520.2042 -0.030718543 0.00091180112
7374764520.2042 -0.03072124 0.00091083627
7374814520.2042 -0.030717753 0.00092407037
7374864520.2042 -0.030729299 0.00091969874
7374914520.2042 -0.030721195 0.00092528295
7374964520.2042 -0.030725844 0.00092610624
7375014520.2042 -0.030726077 0.00093809143
7375064520.2042 -0.03072718 0.00094271824
7375114520.2042 -0.030729523 0.0009479057
7375164520.2042 -0.030733321 0.00094574876
7375214520.2042 -0.03072368 0.00095200632
7375264520.2042 -0.030725429 0.00096127857
7375314520.2042 -0.030723711 0.00096085016
7375364520.2042 -0.030718528 0.00096922461
7375414520.2042 -0.030721501 0.00097345933
7375464520.2042 -0.030722171 0.00097487401
7375514520.2042 -0.030715058 0.00097966194
7375564520.2042 -0.030720461 0.00099177007
7375614520.2042 -0.030723151 0.00098880613
7375664520.2042 -0.030722234 0.00099807139
7375714520.2042 -0.030722173 0.0010049171
7375764520.2042 -0.030721705 0.0010033245
7375814520.2042 -0.030717801 0.0010069478
7375864520.2042 -0.030725116 0.0010219985
7375914520.2042 -0.030723333 0.0010198047
7375964520.2042 -0.030723035 0.0010232142
7376014520.2042 -0.030728718 0.0010347187
7376064520.2042 -0.030721867 0.0010368729
7376114520.2042 -0.030725121 0.0010390732
7376164520.2042 -0.030719046 0.0010432858
7376214520.2042 -0.030721504 0.0010583345
7376264520.2042 -0.030716313 0.0010554335
7376314520.2042 -0.030719485 0.0010648718
7376364520.2042 -0.030721761 0.0010687734
7376414520.2042 -0.030721765 0.0010650526
7376464520.2042 -0.030714111 0.0010766319
7376514520.2042 -0.030728366 0.001073984
7376564520.2042 -0.030710574 0.0010897494
7376614520.2042 -0.030725708 0.001089348
7376664520.2042 -0.030711843 0.0010945671
7376714520.2042 -0.030710019 0.0010987367
7376764520.2042 -0.03072023 0.0011057123
7376814520.2042 -0.030713473 0.0011090799
7376864520.2042 -0.030720711 0.0011160295
7376914520.2042 -0.030713556 0.001120571
7376964520.2042 -0.030706001 0.0011211
7377014520.2042 -0.030720852 0.0011318102
7377064520.2042 -0.030706719 0.0011295462
7377114520.2042 -0.030719005 0.0011389684
7377164520.2042 -0.030710829 0.0011390457
7377214520.2042 -0.03071107 0.0011469387
7377264520.2042 -0.030712577 0.0011448832
7377314520.2042 -0.03071503 0.0011601504
7377364520.2042 -0.030705869 0.001156183
7377414520.2042 -0.030713374 0.0011672052
7377464520.2042 -0.030716551 0.0011710571
7377514520.2042 -0.030721357 0.0011767764
7377564520.2042 -0.030717952 0.0011751968
7377614520.2042 -0.030712239 0.0011871234
7377664520.2042 -0.030718271 0.0011838516
7377714520.2042 -0.030712765 0.0011944408
7377764520.2042 -0.03071307 0.0012044739
7377814520.2042 -0.030726265 0.0012094676
7377864520.2042 -0.030722616 0.0012181196
7377914520.2042 -0.030727485 0.0012220135
7377964520.2042 -0.030725226 0.0012345649
7378014520.2042 -0.030720251 0.0012371503
7378064520.2042 -0.030735696 0.0012340033
7378114520.2042 -0.030738927 0.0012472328
7378164520.2042 -0.030724324 0.0012580287
7378214520.2042 -0.030733436 0.0012600664
7378264520.2042 -0.030731676 0.001268981
7378314520.2042 -0.030719198 0.0012749927
7378364520.2042 -0.030728042 0.0012821294
7378414520.2042 -0.030729594 0.0012945123
7378464520.2042 -0.030735433 0.0013022153
7378514520.2042 -0.030730324 0.0013110982
7378564520.2042 -0.030740166 0.0013151914
7378614520.2042 -0.030735161 0.0013229772
7378664520.2042 -0.030741371 0.0013344055
7378714520.2042 -0.030744944 0.001344881
7378764520.2042 -0.030741405 0.0013504298
7378814520.2042 -0.030744331 0.0013517281
7378864520.2042 -0.030729443 0.0013639657
7378914520.2042 -0.030733805 0.0013682647
7378964520.2042 -0.030742519 0.001380031
7379014520.2042 -0.030735195 0.0013986947
7379064520.2042 -0.030741781 0.0013992433
7379114520.2042 -0.030740818 0.0014088051
7379164520.2042 -0.030743444 0.0014164587
7379214520.2042 -0.030744622 0.0014290065
7379264520.2042 -0.030741632 0.0014376361
7379314520.2042 -0.03074847 0.0014499836
7379364520.2042 -0.030748338 0.00146166
7379414520.2042 -0.030742373 0.0014658514
7379464520.2042 -0.030753667 0.0014797836
7379514520.2042 -0.030759329 0.0014795554
7379564520.2042 -0.030753992 0.0014963425
7379614520.2042 -0.030748034 0.0015063114
7379664520.2042 -0.030756116 0.0015208414
7379714520.2042 -0.030757824 0.0015295818
7379764520.2042 -0.030752819 0.0015398939
7379814520.2042 -0.030751284 0.0015439519
7379864520.2042 -0.030751441 0.0015599579
7379914520.2042 -0.030758971 0.0015726275
7379964520.2042 -0.030751806 0.0015860435
7380014520.2042 -0.030743333 0.0015971801
7380064520.2042 -0.030759007 0.0016100039
7380114520.2042 -0.030759487 0.0016215624
7380164520.2042 -0.030763961 0.0016370179
7380214520.2042 -0.030751882 0.0016461194
7380264520.2042 -0.030764373 0.0016573394
7380314520.2042 -0.030756073 0.0016670208
7380364520.2042 -0.030747373 0.001683238
7380414520.2042 -0.030741317 0.0016963265
7380464520.2042 -0.030749673 0.0017064041
7380514520.2042 -0.030745182 0.0017254739
7380564520.2042 -0.030757217 0.0017307359
7380614520.2042 -0.030755995 0.0017512501
7380664520.2042 -0.030748986 0.0017541302
7380714520.2042 -0.030748378 0.0017697145
7380764520.2042 -0.030734859 0.0017835787
7380814520.2042 -0.030738868 0.0017953711
7380864520.2042 -0.030746179 0.0018086098
7380914520.2042 -0.030735856 0.0018149484
7380964520.2042 -0.030741163 0.0018323231
7381014520.2042 -0.030738905 0.0018393509
7381064520.2042 -0.030730071 0.0018542809
7381114520.2042 -0.030740367 0.0018663583
7381164520.2042 -0.030728629 0.001882094
7381214520.2042 -0.030734316 0.0018893797
7381264520.2042 -0.030721346 0.0019026361
7381314520.2042 -0.030727129 0.001916579
7381364520.2042 -0.030722007 0.001923644
7381414520.2042 -0.030723767 0.0019359924
7381464520.2042 -0.030724125 0.001943822
7381514520.2042 -0.030725077 0.0019624345
7381564520.2042 -0.030719403 0.0019652992
7381614520.2042 -0.030714631 0.0019788286
7381664520.2042 -0.030719545 0.0019929511
7381714520.2042 -0.03071611 0.0020099375
7381764520.2042 -0.030721534 0.0020192182
7381814520.2042 -0.03071342 0.0020296015
7381864520.2042 -0.030710928 0.002037894
7381914520.2042 -0.03071098 0.0020481665
7381964520.2042 -0.030709293 0.0020637633
7382014520.2042 -0.030715641 0.002079933
7382064520.2042 -0.030710347 0.002089777
7382114520.2042 -0.030700538 0.0021019662
7382164520.2042 -0.030708427 0.0021136794
7382214520.2042 -0.030712014 0.0021203673
7382264520.2042 -0.030699478 0.0021354146
7382314520.2042 -0.030695222 0.0021524271
7382364520.2042 -0.030702028 0.0021624733
7382414520.2042 -0.030705258 0.0021745553
7382464520.2042 -0.030703083 0.0021888847
7382514520.2042 -0.030698957 0.0021972433
7382564520.2042 -0.030703031 0.0022074692
7382614520.2042 -0.030692924 0.0022273976
7382664520.2042 -0.030703951 0.0022413637
7382714520.2042 -0.030691184 0.0022585467
7382764520.2042 -0.030708339 0.0022752574
7382814520.2042 -0.030705858 0.0022890884
7382864520.2042 -0.030702293 0.0023073051
7382914520.2042 -0.030695783 0.0023114383
7382964520.2042 -0.030703021 0.0023342399
7383014520.2042 -0.030698299 0.0023463517
7383064520.2042 -0.030691242 0.0023670634
7383114520.2042 -0.030693829 0.0023817774
7383164520.2042 -0.030698745 0.0024012951
7383214520.2042 -0.030695753 0.0024181758
7383264520.2042 -0.030696856 0.0024394635
7383314520.2042 -0.030690473 0.0024513858
7383364520.2042 -0.030686909 0.0024664914
7383414520.2042 -0.030681463 0.0024863682
7383464520.2042 -0.030695235 0.00250124
7383514520.2042 -0.03068953 0.0025209263
7383564520.2042 -0.03068989 0.0025297157
7383614520.2042 -0.030689728 0.0025553876
7383664520.2042 -0.030684546 0.0025661881
7383714520.2042 -0.030690489 0.0025878418
7383764520.2042 -0.030691063 0.0026004466
7383814520.2042 -0.030686427 0.0026213957
7383864520.2042 -0.03068189 0.0026389218
7383914520.2042 -0.030679431 0.0026597439
7383964520.2042 -0.030685164 0.002681355
7384014520.2042 -0.030692074 0.0026875467
7384064520.2042 -0.030684145 0.0027065105
7384114520.2042 -0.030666137 0.0027313859
7384164520.2042 -0.030676182 0.0027480852
7384214520.2042 -0.030680517 0.0027665207
7384264520.2042 -0.030667083 0.0027881765
7384314520.2042 -0.030673185 0.002801978
7384364520.2042 -0.030669034 0.0028241766
7384414520.2042 -0.03067185 0.0028362256
7384464520.2042 -0.030666335 0.0028561265
7384514520.2042 -0.030662712 0.0028746543
7384564520.2042 -0.030662606 0.0029011299
7384614520.2042 -0.030660655 0.0029135584
7384664520.2042 -0.030670183 0.002940611
7384714520.2042 -0.030653849 0.0029612393
7384764520.2042 -0.030657448 0.0029746564
7384814520.2042 -0.03064969 0.0029944656
7384864520.2042 -0.030649185 0.0030193888
7384914520.2042 -0.030655507 0.0030350983
7384964520.2042 -0.030648708 0.0030556275
7385014520.2042 -0.030653808 0.0030799871
7385064520.2042 -0.030649414 0.0030972948
7385114520.2042 -0.030652961 0.0031163078
7385164520.2042 -0.03063288 0.0031382674
7385214520.2042 -0.03064266 0.0031644609
7385264520.2042 -0.030640906 0.0031777583
7385314520.2042 -0.030656386 0.0032048747
7385364520.2042 -0.030641776 0.0032189274
7385414520.2042 -0.030630127 0.0032480173
7385464520.2042 -0.030633759 0.0032719849
7385514520.2042 -0.030633271 0.0032916348
7385564520.2042 -0.030631319 0.0033088364
7385614520.2042 -0.030633803 0.0033329576
7385664520.2042 -0.030638456 0.0033636019
7385714520.2042 -0.030624729 0.0033827079
7385764520.2042 -0.030622486 0.0034093261
7385814520.2042 -0.03061869 0.0034327079
7385864520.2042 -0.030612942 0.003457197
7385914520.2042 -0.030612195 0.0034835692
7385964520.2042 -0.030617297 0.0035087746
7386014520.2042 -0.030619774 0.003536094
7386064520.2042 -0.030613948 0.0035553742
7386114520.2042 -0.030610554 0.0035831993
7386164520.2042 -0.030597001 0.003607126
7386214520.2042 -0.030596413 0.0036364319
7386264520.2042 -0.030606307 0.0036637206
7386314520.2042 -0.030584998 0.0036869459
7386364520.2042 -0.030589806 0.0037118364
7386414520.2042 -0.030578563 0.0037477911
7386464520.2042 -0.030579949 0.0037679942
7386514520.2042 -0.030569058 0.0038000196
7386564520.2042 -0.030567791 0.0038240012
7386614520.2042 -0.030563811 0.0038481541
7386664520.2042 -0.03056537 0.0038810791
7386714520.2042 -0.030558338 0.0039106151
7386764520.2042 -0.030556144 0.0039416375
7386814520.2042 -0.030545585 0.0039591501
7386864520.2042 -0.030539004 0.0039887251
7386914520.2042 -0.030532954 0.004013327
7386964520.2042 -0.030520424 0.0040449183
7387014520.2042 -0.030519277 0.00407574
7387064520.2042 -0.030524954 0.0041059181
7387114520.2042 -0.030509582 0.0041373572
7387164520.2042 -0.030504582 0.0041603539
7387214520.2042 -0.030490603 0.0041913278
7387264520.2042 -0.030495444 0.0042235702
7387314520.2042 -0.030485082 0.0042506563
7387364520.2042 -0.030481568 0.0042772656
7387414520.2042 -0.030473478 0.0043215281
7387464520.2042 -0.030469848 0.0043405853
7387514520.2042 -0.030461913 0.0043675578
7387564520.2042 -0.030453967 0.0044050599
7387614520.2042 -0.030454908 0.0044288565
7387664520.2042 -0.030436106 0.0044654915
7387714520.2042 -0.030439932 0.004488613
7387764520.2042 -0.030431194 0.0045253718
7387814520.2042 -0.030424263 0.0045560724
7387864520.2042 -0.030429875 0.0045874733
7387914520.2042 -0.030418871 0.0046211914
7387964520.2042 -0.030412111 0.0046508233
7388014520.2042 -0.030394811 0.0046871467
7388064520.2042 -0.030395158 0.0047181165
7388114520.2042 -0.030392161 0.0047530252
7388164520.2042 -0.030377477 0.0047890935
7388214520.2042 -0.030372376 0.0048272898
7388264520.2042 -0.030373452 0.0048547853
7388314520.2042 -0.030370001 0.0048950585
7388364520.2042 -0.030348118 0.0049277269
7388414520.2042 -0.030339226 0.0049578776
7388464520.2042 -0.030327063 0.0049965144
7388514520.2042 -0.030315088 0.0050337873
7388564520.2042 -0.030314883 0.0050668651
7388614520.2042 -0.030304611 0.005108539
7388664520.2042 -0.030302092 0.005141079
7388714520.2042 -0.030301308 0.0051794555
7388764520.2042 -0.030295312 0.0052190889
7388814520.2042 -0.030280732 0.0052642683
7388864520.2042 -0.030275641 0.0052974168
7388914520.2042 -0.030262448 0.0053286934
7388964520.2042 -0.030269375 0.0053761723
7389014520.2042 -0.030246774 0.0054126913
7389064520.2042 -0.030239783 0.0054529496
7389114520.2042 -0.030229986 0.0054878518
7389164520.2042 -0.030214079 0.0055343565
7389214520.2042 -0.030222978 0.0055769598
7389264520.2042 -0.030201197 0.0056087775
7389314520.2042 -0.030201079 0.0056599714
7389364520.2042 -0.030187188 0.0057051489
7389414520.2042 -0.030181926 0.0057440652
7389464520.2042 -0.030161202 0.005791951
7389514520.2042 -0.030174319 0.0058309445
7389564520.2042 -0.030146465 0.0058787726
7389614520.2042 -0.030149085 0.0059274025
7389664520.2042 -0.030133165 0.0059719365
7389714520.2042 -0.030128196 0.0060243737
7389764520.2042 -0.030120306 0.0060684495
7389814520.2042 -0.030109046 0.0061151432
7389864520.2042 -0.030099113 0.0061632097
7389914520.2042 -0.030080002 0.0062172106
7389964520.2042 -0.030071538 0.0062619429
7390014520.2042 -0.030058557 0.0063121552
7390064520.2042 -0.030050945 0.0063644778
7390114520.2042 -0.030050492 0.0064211683
7390164520.2042 -0.030022919 0.006471849
7390214520.2042 -0.030021913 0.0065349126
7390264520.2042 -0.030008715 0.0065806778
7390314520.2042 -0.02998206 0.0066406522
7390364520.2042 -0.029976932 0.0066926694
7390414520.2042 -0.029955717 0.0067504747
7390464520.2042 -0.029941306 0.0068041617
7390514520.2042 -0.029929573 0.0068681017
7390564520.2042 -0.029914232 0.006925324
7390614520.2042 -0.029906008 0.0069808811
7390664520.2042 -0.029889371 0.0070336396
7390714520.2042 -0.029852906 0.0070995027
7390764520.2042 -0.029847091 0.0071581625
7390814520.2042 -0.029831581 0.0072202506
7390864520.2042 -0.029811818 0.0072813379
7390914520.2042 -0.029794741 0.0073406403
7390964520.2042 -0.029778466 0.0074048853
7391014520.2042 -0.029743938 0.0074593481
7391064520.2042 -0.029738126 0.0075299107
7391114520.2042 -0.029721804 0.0075958134
7391164520.2042 -0.029702501 0.0076535242
7391214520.2042 -0.02968049 0.0077259969
7391264520.2042 -0.029657926 0.0077950335
7391314520.2042 -0.029637231 0.0078678941
7391364520.2042 -0.02960656 0.0079308106
7391414520.2042 -0.029597238 0.0080051273
7391464520.2042 -0.029582996 0.0080769621
7391514520.2042 -0.029558506 0.0081442036
7391564520.2042 -0.029526595 0.0082216673
7391614520.2042 -0.029505476 0.0082873777
7391664520.2042 -0.029469334 0.008362921
7391714520.2042 -0.029456263 0.0084389746
7391764520.2042 -0.02942518 0.0085195927
7391814520.2042 -0.029412907 0.0085989125
7391864520.2042 -0.029378116 0.0086726267
7391914520.2042 -0.029349238 0.0087554194
7391964520.2042 -0.029322384 0.0088365925
7392014520.2042 -0.029298922 0.0089252489
7392064520.2042 -0.029263012 0.0090050735
7392114520.2042 -0.029246319 0.0090874219
7392164520.2042 -0.029201962 0.0091735069
7392214520.2042 -0.029178258 0.0092652906
7392264520.2042 -0.029116072 0.0093434118
7392314520.2042 -0.029093705 0.0094318958
7392364520.2042 -0.029081238 0.0095296651
7392414520.2042 -0.029034784 0.0096197585
7392464520.2042 -0.029007711 0.009713348
7392514520.2042 -0.028962173 0.0098120319
7392564520.2042 -0.028935174 0.0099048577
7392614520.2042 -0.028893247 0.01000028
7392664520.2042 -0.028862953 0.01010301
7392714520.2042 -0.028811285 0.010198431
7392764520.2042 -0.028778249 0.01029531
7392814520.2042 -0.028732631 0.010390243
7392864520.2042 -0.028684763 0.010494694
7392914520.2042 -0.028644174 0.010597104
7392964520.2042 -0.028597515 0.010696725
7393014520.2042 -0.028546657 0.010790175
7393064520.2042 -0.02849794 0.010902753
7393114520.2042 -0.028457865 0.010997727
7393164520.2042 -0.028412323 0.011098462
7393214520.2042 -0.028345779 0.011191625
7393264520.2042 -0.02830461 0.011288862
7393314520.2042 -0.028258637 0.011384567
7393364520.2042 -0.02819318 0.01148979
7393414520.2042 -0.028147699 0.01159241
7393464520.2042 -0.028092381 0.011693867
7393514520.2042 -0.028027602 0.011780502
7393564520.2042 -0.027973199 0.011883762
7393614520.2042 -0.027920937 0.01200296
7393664520.2042 -0.027857965 0.012091733
7393714520.2042 -0.027787827 0.012215924
7393764520.2042 -0.027735464 0.012332785
7393814520.2042 -0.027672423 0.012447434
7393864520.2042 -0.027602557 0.01258838
7393914520.2042 -0.027529262 0.012713302
7393964520.2042 -0.027464513 0.012850977
7394014520.2042 -0.027375165 0.012988647
7394064520.2042 -0.027309462 0.013133995
7394114520.2042 -0.027223116 0.013276199
7394164520.2042 -0.02713595 0.013426244
7394214520.2042 -0.027058536 0.0135873
7394264520.2042 -0.026968393 0.013741387
7394314520.2042 -0.02688835 0.013914406
7394364520.2042 -0.02678162 0.014078457
7394414520.2042 -0.026682485 0.014247792
7394464520.2042 -0.026579596 0.014431364
7394514520.2042 -0.026467418 0.014604016
7394564520.2042 -0.026363926 0.014796579
7394614520.2042 -0.026256057 0.014986013
7394664520.2042 -0.026127504 0.015165756
7394714520.2042 -0.026007179 0.015355546
7394764520.2042 -0.025884189 0.015566043
7394814520.2042 -0.025753826 0.015755013
7394864520.2042 -0.02561192 0.015966449
7394914520.2042 -0.025473818 0.016180154
7394964520.2042 -0.025319235 0.01638942
7395014520.2042 -0.025170369 0.016614674
7395064520.2042 -0.025015663 0.016854301
7395114520.2042 -0.024866289 0.017083872
7395164520.2042 -0.02468482 0.017306212
7395214520.2042 -0.024492458 0.017541416
7395264520.2042 -0.024305061 0.017787021
7395314520.2042 -0.024110964 0.018039741
7395364520.2042 -0.02390065 0.018287105
7395414520.2042 -0.023684658 0.018534612
7395464520.2042 -0.023473272 0.018808603
7395514520.2042 -0.023234323 0.019078176
7395564520.2042 -0.022993676 0.019346355
7395614520.2042 -0.022740779 0.01962661
7395664520.2042 -0.022469983 0.019905077
7395714520.2042 -0.022188993 0.020199716
7395764520.2042 -0.021894136 0.020495413
7395814520.2042 -0.021600034 0.020791817
7395864520.2042 -0.021281645 0.021101821
7395914520.2042 -0.020947067 0.021406174
7395964520.2042 -0.020588307 0.021717746
7396014520.2042 -0.020225041 0.022046406
7396064520.2042 -0.019833248 0.022374006
7396114520.2042 -0.019429645 0.022699043
7396164520.2042 -0.019019989 0.023034872
7396214520.2042 -0.018560581 0.023377573
7396264520.2042 -0.018092822 0.023714773
7396314520.2042 -0.017590079 0.024063025
7396364520.2042 -0.017073452 0.024408344
7396414520.2042 -0.016525134 0.024756193
7396464520.2042 -0.015943818 0.025100755
7396514520.2042 -0.015332857 0.025452059
7396564520.2042 -0.014693923 0.025794633
7396614520.2042 -0.014021844 0.026134541
7396664520.2042 -0.013314342 0.02648055
7396714520.2042 -0.01256353 0.026806911
7396764520.2042 -0.011767303 0.02713348
7396814520.2042 -0.010937289 0.027442528
7396864520.2042 -0.010048697 0.027736736
7396914520.2042 -0.0091168862 0.028027762
7396964520.2042 -0.0081240814 0.0282951
7397014520.2042 -0.007091702 0.028532073
7397064520.2042 -0.0059906482 0.028744837
7397114520.2042 -0.0048553329 0.02891803
7397164520.2042 -0.0036667539 0.029043403
7397214520.2042 -0.0024487646 0.029128717
7397264520.2042 -0.0011482267 0.029167622
7397314520.2042 0.00019096397 0.029144702
7397364520.2042 0.0016031163 0.029059321
7397414520.2042 0.0030781003 0.028885495
7397464520.2042 0.0046046656 0.028620075
7397514520.2042 0.0061843321 0.028271435
7397564520.2042 0.0078231571 0.027802646
7397614520.2042 0.0094854673 0.027220216
7397664520.2042 0.011175049 0.026516147
7397714520.2042 0.012861701 0.02567786
7397764520.2042 0.014555635 0.024701783
7397814520.2042 0.016239358 0.023548359
7397864520.2042 0.017901987 0.022255229
7397914520.2042 0.019481735 0.020803584
7397964520.2042 0.021009408 0.019194646
7398014520.2042 0.022440676 0.017444642
7398064520.2042 0.023750454 0.015537068
7398114520.2042 0.02493643 0.013461188
7398164520.2042 0.025978228 0.011281053
7398214520.2042 0.026833434 0.0089779021
7398264520.2042 0.02750599 0.0065875864
7398314520.2042 0.027962498 0.0041457368
7398364520.2042 0.028219456 0.0016584452
7398414520.2042 0.028259652 -0.00082659721
7398464520.2042 0.028098635 -0.0033084694
7398514520.2042 0.027729364 -0.0057353494
7398564520.2042 0.027155047 -0.0080812033
7398614520.2042 0.026422936 -0.010346693
7398664520.2042 0.025505358 -0.012518496
7398714520.2042 0.024451399 -0.014570106
7398764520.2042 0.023249021 -0.016492808
7398814520.2042 0.021941729 -0.018269595
7398864520.2042 0.020567529 -0.019893188
7398914520.2042 0.019128012 -0.02135314
7398964520.2042 0.017634284 -0.022663504
7399014520.2042 0.01611976 -0.023851523
7399064520.2042 0.014559418 -0.024889804
7399114520.2042 0.013015404 -0.025783841
7399164520.2042 0.011493833 -0.02656061
7399214520.2042 0.0099994745 -0.027208496
7399264520.2042 0.0085141929 -0.027762737
7399314520.2042 0.0070628114 -0.028232625
7399364520.2042 0.0056409054 -0.028592451
7399414520.2042 0.0042589838 -0.028888844
7399464520.2042 0.0029156543 -0.029089732
7399514520.2042 0.0016115804 -0.02924291
7399564520.2042 0.0003528879 -0.029327122
7399614520.2042 -0.00084916002 -0.029355599
7399664520.2042 -0.0019885728 -0.029340895
7399714520.2042 -0.0030796072 -0.029278873
7399764520.2042 -0.0041033952 -0.029190073
7399814520.2042 -0.0050878352 -0.029057106
7399864520.2042 -0.0060286671 -0.028908985
7399914520.2042 -0.0069301105 -0.028756319
7399964520.2042 -0.0077899238 -0.028553627
7400014520.2042 -0.0086226789 -0.028348461
7400064520.2042 -0.0094039971 -0.028109305
7400114520.2042 -0.010163862 -0.027878676
7400164520.2042 -0.010876233 -0.027632106
7400214520.2042 -0.011558832 -0.027380502
7400264520.2042 -0.012218379 -0.027116261
7400314520.2042 -0.012837393 -0.026843937
7400364520.2042 -0.013433415 -0.026564429
7400414520.2042 -0.014001498 -0.026303155
7400464520.2042 -0.014542835 -0.026024543
7400514520.2042 -0.015057242 -0.025752226
7400564520.2042 -0.015548859 -0.025477765
7400614520.2042 -0.016015001 -0.02520589
7400664520.2042 -0.016473603 -0.024930535
7400714520.2042 -0.016899895 -0.024660423
7400764520.2042 -0.017309546 -0.024387654
7400814520.2042 -0.017701086 -0.024121847
7400864520.2042 -0.018079977 -0.023849867
7400914520.2042 -0.018447857 -0.02359402
7400964520.2042 -0.018784415 -0.023333309
7401014520.2042 -0.019111443 -0.023076864
7401064520.2042 -0.019426985 -0.022825357
7401114520.2042 -0.019739276 -0.022579461
7401164520.2042 -0.020031013 -0.022322804
7401214520.2042 -0.020307599 -0.022077775
7401264520.2042 -0.020580035 -0.021844288
7401314520.2042 -0.020841762 -0.021614242
7401364520.2042 -0.02108603 -0.021378445
7401414520.2042 -0.021326905 -0.021152604
7401464520.2042 -0.021558154 -0.020931181
7401514520.2042 -0.02177022 -0.020698829
7401564520.2042 -0.021985633 -0.020492606
7401614520.2042 -0.022196854 -0.020276576
7401664520.2042 -0.022390703 -0.020076189
7401714520.2042 -0.022574801 -0.01986789
7401764520.2042 -0.0227587 -0.01967328
7401814520.2042 -0.022939172 -0.01946366
7401864520.2042 -0.023105022 -0.019272102
7401914520.2042 -0.023278465 -0.019080106
7401964520.2042 -0.023433473 -0.018897902
7402014520.2042 -0.023589423 -0.018707559
7402064520.2042 -0.023737591 -0.018534694
7402114520.2042 -0.023888912 -0.018358411
7402164520.2042 -0.02402732 -0.018186437
7402214520.2042 -0.024160711 -0.018011902
7402264520.2042 -0.024300251 -0.01784016
7402314520.2042 -0.024429241 -0.017670358
7402364520.2042 -0.024546716 -0.017517058
7402414520.2042 -0.024665035 -0.017346516
7402464520.2042 -0.024773508 -0.017192937
7402514520.2042 -0.024888072 -0.017037243
7402564520.2042 -0.024998773 -0.016894393
7402614520.2042 -0.025095277 -0.016735623
7402664520.2042 -0.025201537 -0.016587168
7402714520.2042 -0.025294326 -0.016437629
7402764520.2042 -0.025399541 -0.016292704
7402814520.2042 -0.025490435 -0.016153451
7402864520.2042 -0.025578067 -0.016013106
7402914520.2042 -0.025680691 -0.015879299
7402964520.2042 -0.025766343 -0.015735922
7403014520.2042 -0.025859581 -0.015606821
7403064520.2042 -0.025938839 -0.015473266
7403114520.2042 -0.026035324 -0.015338479
7403164520.2042 -0.026119476 -0.015210392
7403214520.2042 -0.026192326 -0.015071327
7403264520.2042 -0.026281849 -0.014940329
7403314520.2042 -0.026353193 -0.014809607
7403364520.2042 -0.026444923 -0.014687855
7403414520.2042 -0.026513161 -0.014560222
7403464520.2042 -0.026603149 -0.014438116
7403514520.2042 -0.02667338 -0.014316828
7403564520.2042 -0.026750926 -0.014192604
7403614520.2042 -0.026818495 -0.01407316
7403664520.2042 -0.026898038 -0.013946542
7403714520.2042 -0.026983313 -0.013839524
7403764520.2042 -0.027036093 -0.013724185
7403814520.2042 -0.027085692 -0.01360951
7403864520.2042 -0.027165666 -0.013515102
7403914520.2042 -0.027229916 -0.013418809
7403964520.2042 -0.027283613 -0.013311414
7404014520.2042 -0.027332542 -0.013208658
7404064520.2042 -0.027399637 -0.013118617
7404114520.2042 -0.02744443 -0.013030253
7404164520.2042 -0.027496219 -0.012929618
7404214520.2042 -0.027539812 -0.012847902
7404264520.2042 -0.027593642 -0.012757704
7404314520.2042 -0.027628612 -0.012671988
7404364520.2042 -0.027670221 -0.012583144
7404414520.2042 -0.02770656 -0.012498898
7404464520.2042 -0.027750257 -0.012425145
7404514520.2042 -0.027798876 -0.012336663
7404564520.2042 -0.027829299 -0.01225483
7404614520.2042 -0.027861575 -0.012181318
7404664520.2042 -0.027893458 -0.012092148
7404714520.2042 -0.027940111 -0.012023793
7404764520.2042 -0.027974855 -0.011950845
7404814520.2042 -0.028007744 -0.011870238
7404864520.2042 -0.028030882 -0.011798727
7404914520.2042 -0.028065519 -0.011731502
7404964520.2042 -0.028091388 -0.01166058
7405014520.2042 -0.028121134 -0.011591181
7405064520.2042 -0.028150178 -0.011517206
7405114520.2042 -0.028190155 -0.011455636
7405164520.2042 -0.028216748 -0.011390425
7405214520.2042 -0.028228465 -0.011321375
7405264520.2042 -0.028262973 -0.011244089
7405314520.2042 -0.028295569 -0.011187389
7405364520.2042 -0.02831237 -0.011128444
7405414520.2042 -0.028343908 -0.011067994
7405464520.2042 -0.02834899 -0.010997353
7405514520.2042 -0.02837711 -0.010942305
7405564520.2042 -0.028408967 -0.010881959
7405614520.2042 -0.028430579 -0.010826324
7405664520.2042 -0.028456962 -0.010765544
7405714520.2042 -0.028474271 -0.010712103
7405764520.2042 -0.028495856 -0.010651798
7405814520.2042 -0.028522063 -0.010597974
7405864520.2042 -0.028552126 -0.010543148
7405914520.2042 -0.028564777 -0.010488029
7405964520.2042 -0.028579814 -0.010429516
7406014520.2042 -0.028603006 -0.010376099
7406064520.2042 -0.028626865 -0.01033285
7406114520.2042 -0.028639354 -0.010271639
7406164520.2042 -0.028663546 -0.010228625
7406214520.2042 -0.028685058 -0.010176285
7406264520.2042 -0.02870279 -0.010129776
7406314520.2042 -0.028720716 -0.010082597
7406364520.2042 -0.028744757 -0.010035253
7406414520.2042 -0.028763846 -0.0099840434
7406464520.2042 -0.028785978 -0.009934186
7406514520.2042 -0.028797084 -0.0098879188
7406564520.2042 -0.028815191 -0.0098434631
7406614520.2042 -0.02884054 -0.0097948704
7406664520.2042 -0.028850541 -0.0097447727
7406714520.2042 -0.028872233 -0.009701672
7406764520.2042 -0.028881714 -0.0096508153
7406814520.2042 -0.028910588 -0.0096159717
7406864520.2042 -0.028917834 -0.0095610972
7406914520.2042 -0.028942192 -0.0095250998
7406964520.2042 -0.02895337 -0.0094862934
7407014520.2042 -0.028976969 -0.0094478717
7407064520.2042 -0.028989114 -0.0093999039
7407114520.2042 -0.028997341 -0.0093572158
7407164520.2042 -0.029017787 -0.0093186488
7407214520.2042 -0.029035542 -0.0092817163
7407264520.2042 -0.029054295 -0.0092339162
7407314520.2042 -0.029060666 -0.0091943275
7407364520.2042 -0.029078076 -0.0091605196
7407414520.2042 -0.02909082 -0.0091177085
7407464520.2042 -0.029112004 -0.0090805413
7407514520.2042 -0.029120605 -0.0090387259
7407564520.2042 -0.029135361 -0.009002584
7407614520.2042 -0.029150968 -0.0089635924
7407664520.2042 -0.029155137 -0.0089186272
7407714520.2042 -0.029177736 -0.0088847112
7407764520.2042 -0.029194808 -0.0088557573
7407814520.2042 -0.029207243 -0.0088136103
7407864520.2042 -0.029219573 -0.0087836497
7407914520.2042 -0.029219914 -0.0087455483
7407964520.2042 -0.029250342 -0.0087082162
7408014520.2042 -0.029260656 -0.008674317
7408064520.2042 -0.029265925 -0.0086407382
7408114520.2042 -0.029288867 -0.0086015742
7408164520.2042 -0.029291475 -0.008562278
7408214520.2042 -0.029323751 -0.0085337805
7408264520.2042 -0.029328937 -0.0084965434
7408314520.2042 -0.029343665 -0.0084642135
7408364520.2042 -0.029345179 -0.0084263245
7408414520.2042 -0.029371576 -0.0083968267
7408464520.2042 -0.029378342 -0.0083633503
7408514520.2042 -0.029386742 -0.0083259903
7408564520.2042 -0.029393546 -0.0082964562
7408614520.2042 -0.029406987 -0.0082594752
7408664520.2042 -0.029415844 -0.0082290461
7408714520.2042 -0.029431036 -0.008205466
7408764520.2042 -0.02943428 -0.0081647523
7408814520.2042 -0.029448487 -0.0081363125
7408864520.2042 -0.029456658 -0.0081018377
7408914520.2042 -0.029485896 -0.0080752615
7408964520.2042 -0.029492652 -0.0080473144
7409014520.2042 -0.029488945 -0.0080175027
7409064520.2042 -0.029496683 -0.0079802163
7409114520.2042 -0.029513344 -0.0079517756
7409164520.2042 -0.029519612 -0.0079184547
7409214520.2042 -0.029534038 -0.0078929253
7409264520.2042 -0.029540459 -0.0078664869
7409314520.2042 -0.029550951 -0.0078318929
7409364520.2042 -0.029564461 -0.0078003937
7409414520.2042 -0.029568441 -0.0077760788
7409464520.2042 -0.029583942 -0.0077480162
7409514520.2042 -0.029582091 -0.0077191005
7409564520.2042 -0.029596847 -0.0076903943
7409614520.2042 -0.029600225 -0.0076616434
7409664520.2042 -0.029623447 -0.0076310495
7409714520.2042 -0.029618422 -0.0076069124
7409764520.2042 -0.029634099 -0.0075828386
7409814520.2042 -0.029641721 -0.0075593656
7409864520.2042 -0.029651955 -0.007527424
7409914520.2042 -0.02965514 -0.0075013712
7409964520.2042 -0.029665278 -0.0074758241
7410014520.2042 -0.029673547 -0.0074466662
7410064520.2042 -0.029683765 -0.0074263196
7410114520.2042 -0.029689359 -0.0074028587
7410164520.2042 -0.029706221 -0.0073757218
7410214520.2042 -0.029715098 -0.0073462389
7410264520.2042 -0.0297212 -0.0073228832
7410314520.2042 -0.02973013 -0.0072978484
7410364520.2042 -0.029736988 -0.0072739776
7410414520.2042 -0.029745461 -0.0072494736
7410464520.2042 -0.029756136 -0.0072308825
7410514520.2042 -0.029760715 -0.0072010513
7410564520.2042 -0.029765077 -0.0071776975
7410614520.2042 -0.029772572 -0.0071479352
7410664520.2042 -0.029793417 -0.0071271816
7410714520.2042 -0.029803362 -0.0070968037
7410764520.2042 -0.029810276 -0.0070780609
7410814520.2042 -0.029808601 -0.0070478367
7410864520.2042 -0.029825613 -0.0070298836
7410914520.2042 -0.029829232 -0.007000702
7410964520.2042 -0.029838331 -0.0069809393
7411014520.2042 -0.029846096 -0.0069641108
7411064520.2042 -0.029844487 -0.0069340924
7411114520.2042 -0.02985096 -0.0069128447
7411164520.2042 -0.02985559 -0.0068875798
7411214520.2042 -0.029866775 -0.0068677189
7411264520.2042 -0.029873591 -0.0068432027
7411314520.2042 -0.029886035 -0.0068223425
7411364520.2042 -0.029881341 -0.0067994893
7411414520.2042 -0.029893929 -0.0067759594
7411464520.2042 -0.029898142 -0.0067568626
7411514520.2042 -0.02991342 -0.0067350892
7411564520.2042 -0.029913785 -0.0067155212
7411614520.2042 -0.029913167 -0.006689976
7411664520.2042 -0.029920349 -0.0066681947
7411714520.2042 -0.029922243 -0.0066520041
7411764520.2042 -0.029939329 -0.0066277804
7411814520.2042 -0.029934889 -0.0066121933
7411864520.2042 -0.029937729 -0.0065938793
7411914520.2042 -0.029953735 -0.0065689031
7411964520.2042 -0.029953336 -0.0065483944
7412014520.2042 -0.029963208 -0.0065298509
7412064520.2042 -0.0299656 -0.0065111131
7412114520.2042 -0.029982725 -0.0064905682
7412164520.2042 -0.029980918 -0.0064694984
7412214520.2042 -0.029984832 -0.0064486372
7412264520.2042 -0.029985808 -0.0064356402
7412314520.2042 -0.029994536 -0.0064157755
7412364520.2042 -0.030012012 -0.0063961456
7412414520.2042 -0.030012429 -0.0063814195
7412464520.2042 -0.030010313 -0.0063544558
7412514520.2042 -0.030019838 -0.006332662
7412564520.2042 -0.030034557 -0.0063255657
7412614520.2042 -0.030035214 -0.0063022408
7412664520.2042 -0.030034689 -0.0062834537
7412714520.2042 -0.03004921 -0.0062596658
7412764520.2042 -0.03005687 -0.0062413039
7412814520.2042 -0.030059759 -0.0062203095
7412864520.2042 -0.030063277 -0.0062093795
7412914520.2042 -0.030070923 -0.0061887205
7412964520.2042 -0.030078074 -0.0061629657
7413014520.2042 -0.030074837 -0.0061435048
7413064520.2042 -0.030085597 -0.0061314963
7413114520.2042 -0.030097255 -0.0061078761
7413164520.2042 -0.030095899 -0.0060854936
7413214520.2042 -0.030098297 -0.0060726302
7413264520.2042 -0.03010585 -0.0060571078
7413314520.2042 -0.030116452 -0.0060393289
7413364520.2042 -0.030121852 -0.0060247257
7413414520.2042 -0.030128179 -0.0060046595
7413464520.2042 -0.030130506 -0.0059855543
7413514520.2042 -0.030134577 -0.005966777
7413564520.2042 -0.030137053 -0.0059474446
7413614520.2042 -0.030140333 -0.0059304964
7413664520.2042 -0.030156415 -0.0059122993
7413714520.2042 -0.030167446 -0.0058906777
7413764520.2042 -0.030153096 -0.0058791162
7413814520.2042 -0.030162718 -0.0058549708
7413864520.2042 -0.03017387 -0.0058415504
7413914520.2042 -0.030166052 -0.0058249682
7413964520.2042 -0.030174058 -0.00580798
7414014520.2042 -0.030189514 -0.0057966001
7414064520.2042 -0.03018675 -0.0057712188
7414114520.2042 -0.030189827 -0.0057586785
7414164520.2042 -0.030204827 -0.0057476815
7414214520.2042 -0.030202061 -0.0057254015
7414264520.2042 -0.030210134 -0.0057127597
7414314520.2042 -0.03021976 -0.0056897067
7414364520.2042 -0.030221809 -0.0056832945
7414414520.2042 -0.030231174 -0.0056645479
7414464520.2042 -0.030228755 -0.0056430884
7414514520.2042 -0.030241275 -0.0056286193
7414564520.2042 -0.030240916 -0.0056157121
7414614520.2042 -0.030245239 -0.005594383
7414664520.2042 -0.030250549 -0.0055734245
7414714520.2042 -0.030256234 -0.0055642221
7414764520.2042 -0.030256193 -0.0055420445
7414814520.2042 -0.030274071 -0.0055302214
7414864520.2042 -0.030269546 -0.005510489
7414914520.2042 -0.030270489 -0.0054976456
7414964520.2042 -0.030284058 -0.0054840436
7415014520.2042 -0.030287459 -0.0054716389
7415064520.2042 -0.03028835 -0.0054535735
7415114520.2042 -0.030290822 -0.0054352176
7415164520.2042 -0.030294744 -0.0054233097
7415214520.2042 -0.030299431 -0.0054062037
7415264520.2042 -0.030304808 -0.0053876685
7415314520.2042 -0.030309262 -0.0053762677
7415364520.2042 -0.030312242 -0.0053608925
7415414520.2042 -0.030313469 -0.0053413454
7415464520.2042 -0.030308746 -0.0053293081
7415514520.2042 -0.030325213 -0.0053251772
7415564520.2042 -0.030329222 -0.005300846
7415614520.2042 -0.030319888 -0.0052886163
7415664520.2042 -0.03033608 -0.0052744318
7415714520.2042 -0.030338807 -0.0052648047
7415764520.2042 -0.030338146 -0.005248291
7415814520.2042 -0.030350106 -0.0052298536
7415864520.2042 -0.030353144 -0.005214653
7415914520.2042 -0.030355645 -0.00520792
7415964520.2042 -0.030363105 -0.0051898211
7416014520.2042 -0.030366419 -0.0051780869
7416064520.2042 -0.030370763 -0.0051655257
7416114520.2042 -0.030365406 -0.0051457169
7416164520.2042 -0.030372275 -0.0051322728
7416214520.2042 -0.030374974 -0.0051169782
7416264520.2042 -0.030381178 -0.0051044058
7416314520.2042 -0.030388515 -0.0050846906
7416364520.2042 -0.030395553 -0.0050767441
7416414520.2042 -0.030386681 -0.0050582681
7416464520.2042 -0.030394817 -0.0050458573
7416514520.2042 -0.030399419 -0.0050373748
7416564520.2042 -0.030403238 -0.0050274171
7416614520.2042 -0.030409599 -0.0050063902
7416664520.2042 -0.030406658 -0.0049973787
7416714520.2042 -0.030408125 -0.0049776705
7416764520.2042 -0.030411515 -0.0049699703
7416814520.2042 -0.030417368 -0.0049606906
7416864520.2042 -0.030422635 -0.0049434621
7416914520.2042 -0.030420896 -0.0049251532
7416964520.2042 -0.030424168 -0.0049147913
7417014520.2042 -0.030428629 -0.004896299
7417064520.2042 -0.030424539 -0.004886766
7417114520.2042 -0.03043152 -0.0048653949
7417164520.2042 -0.030437104 -0.0048591364
7417214520.2042 -0.030444905 -0.0048449961
7417264520.2042 -0.030440155 -0.004831681
7417314520.2042 -0.030441407 -0.0048142103
7417364520.2042 -0.030442944 -0.0048037283
7417414520.2042 -0.030450808 -0.0047918167
7417464520.2042 -0.030458428 -0.0047833575
7417514520.2042 -0.030443072 -0.0047596004
7417564520.2042 -0.030459693 -0.0047497693
7417614520.2042 -0.030454576 -0.004729216
7417664520.2042 -0.030449722 -0.0047166711
7417714520.2042 -0.030460702 -0.0047042659
7417764520.2042 -0.030467782 -0.0046959212
7417814520.2042 -0.030462794 -0.0046765869
7417864520.2042 -0.030463226 -0.0046604611
7417914520.2042 -0.030473039 -0.0046543842
7417964520.2042 -0.030473564 -0.0046328409
7418014520.2042 -0.030479535 -0.0046318611
7418064520.2042 -0.030482739 -0.0046072211
7418114520.2042 -0.030472007 -0.0045972718
7418164520.2042 -0.030484283 -0.0045839287
7418214520.2042 -0.03048322 -0.0045681717
7418264520.2042 -0.030489199 -0.0045614988
7418314520.2042 -0.030494934 -0.0045400886
7418364520.2042 -0.030485287 -0.0045274757
7418414520.2042 -0.030487753 -0.0045186831
7418464520.2042 -0.030483864 -0.0045076264
7418514520.2042 -0.030485172 -0.0044910861
7418564520.2042 -0.030497231 -0.0044804988
7418614520.2042 -0.030500963 -0.004467655
7418664520.2042 -0.030500339 -0.004458366
7418714520.2042 -0.030501405 -0.0044428902
7418764520.2042 -0.030492565 -0.0044326168
7418814520.2042 -0.030498201 -0.004413987
7418864520.2042 -0.030498084 -0.0044081169
7418914520.2042 -0.030506663 -0.0044008303
7418964520.2042 -0.030494664 -0.0043896893
7419014520.2042 -0.030509267 -0.0043772301
7419064520.2042 -0.030503821 -0.0043599629
7419114520.2042 -0.030511279 -0.0043492857
7419164520.2042 -0.030517109 -0.0043377783
7419214520.2042 -0.030514063 -0.0043264069
7419264520.2042 -0.030519545 -0.0043197284
7419314520.2042 -0.030509219 -0.0043005929
7419364520.2042 -0.030523555 -0.0042938683
7419414520.2042 -0.030517403 -0.0042819474
7419464520.2042 -0.03051289 -0.0042637736
7419514520.2042 -0.03051617 -0.0042611444
7419564520.2042 -0.030507941 -0.0042475052
7419614520.2042 -0.030511465 -0.004232639
7419664520.2042 -0.03052303 -0.0042265104
7419714520.2042 -0.030524852 -0.0042138714
7419764520.2042 -0.03052301 -0.0042077061
7419814520.2042 -0.030514361 -0.0041970741
7419864520.2042 -0.030513609 -0.0041812425
7419914520.2042 -0.030511221 -0.004180362
7419964520.2042 -0.030518595 -0.0041610193
7420014520.2042 -0.030527394 -0.0041547357
7420064520.2042 -0.030528449 -0.004144581
7420114520.2042 -0.030524412 -0.0041349847
7420164520.2042 -0.030531941 -0.0041258121
7420214520.2042 -0.030530386 -0.0041170591
7420264520.2042 -0.03053591 -0.0041066282
7420314520.2042 -0.030534709 -0.0040923269
7420364520.2042 -0.030539868 -0.0040862826
7420414520.2042 -0.03052759 -0.0040723844
7420464520.2042 -0.030541562 -0.0040635485
7420514520.2042 -0.030546907 -0.004054076
7420564520.2042 -0.030540992 -0.0040402813
7420614520.2042 -0.030543212 -0.0040282747
7420664520.2042 -0.030545738 -0.0040115248
7420714520.2042 -0.030542992 -0.0040031075
7420764520.2042 -0.030546423 -0.0039949035
7420814520.2042 -0.030550916 -0.0039867973
7420864520.2042 -0.030562207 -0.0039758198
7420914520.2042 -0.030559812 -0.0039675012
7420964520.2042 -0.030548526 -0.0039549703
7421014520.2042 -0.03056113 -0.0039415751
7421064520.2042 -0.030556068 -0.003926768
7421114520.2042 -0.030565109 -0.003918495
7421164520.2042 -0.03056952 -0.0039072037
7421214520.2042 -0.030564442 -0.0038934816
7421264520.2042 -0.030559437 -0.0038779341
7421314520.2042 -0.030573245 -0.0038746931
7421364520.2042 -0.030574527 -0.0038623298
7421414520.2042 -0.030576296 -0.0038469704
7421464520.2042 -0.030581076 -0.0038375575
7421514520.2042 -0.030562323 -0.00381919
7421564520.2042 -0.030575426 -0.0038154945
7421614520.2042 -0.030571818 -0.0038065985
7421664520.2042 -0.030577771 -0.0037920028
7421714520.2042 -0.030568659 -0.0037813
7421764520.2042 -0.030566573 -0.0037739268
7421814520.2042 -0.030575935 -0.0037629101
7421864520.2042 -0.030577347 -0.003749216
7421914520.2042 -0.030571625 -0.0037409263
7421964520.2042 -0.030573051 -0.0037288284
7422014520.2042 -0.030567281 -0.0037186202
7422064520.2042 -0.030574154 -0.0037052762
7422114520.2042 -0.030568726 -0.0036967238
7422164520.2042 -0.030574189 -0.0036883233
7422214520.2042 -0.030575227 -0.0036765086
7422264520.2042 -0.030579256 -0.0036716312
7422314520.2042 -0.030586289 -0.0036641806
7422364520.2042 -0.030579751 -0.0036494052
7422414520.2042 -0.030575866 -0.0036381921
7422464520.2042 -0.030566087 -0.0036255289
7422514520.2042 -0.030580454 -0.003620063
7422564520.2042 -0.030571584 -0.0036101611
7422614520.2042 -0.030582715 -0.003603098
7422664520.2042 -0.030578952 -0.0035953326
7422714520.2042 -0.03058915 -0.0035896907
7422764520.2042 -0.030589394 -0.0035748626
7422814520.2042 -0.030585364 -0.0035666497
7422864520.2042 -0.030578194 -0.0035578706
7422914520.2042 -0.030587556 -0.0035536904
7422964520.2042 -0.030589074 -0.0035394924
7423014520.2042 -0.030579269 -0.0035346225
7423064520.2042 -0.030581864 -0.003515128
7423114520.2042 -0.030587245 -0.0035117394
7423164520.2042 -0.030573526 -0.0034963503
7423214520.2042 -0.030582806 -0.0034866547
7423264520.2042 -0.030582814 -0.0034742246
7423314520.2042 -0.030570891 -0.0034674713
7423364520.2042 -0.030583594 -0.003451237
7423414520.2042 -0.030588409 -0.003451528
7423464520.2042 -0.030586209 -0.0034378753
7423514520.2042 -0.030591184 -0.0034386823
7423564520.2042 -0.030592853 -0.003422027
7423614520.2042 -0.030591691 -0.0034116611
7423664520.2042 -0.030588774 -0.0034025924
7423714520.2042 -0.030588416 -0.0033893993
7423764520.2042 -0.030593017 -0.0033863245
7423814520.2042 -0.030589385 -0.0033741801
7423864520.2042 -0.030585695 -0.0033607876
7423914520.2042 -0.030596601 -0.0033549108
7423964520.2042 -0.030587411 -0.0033416373
7424014520.2042 -0.030580359 -0.0033346997
7424064520.2042 -0.030585755 -0.0033344231
7424114520.2042 -0.030594464 -0.0033218889
7424164520.2042 -0.030589446 -0.003311004
7424214520.2042 -0.030592756 -0.0033044023

